1,431
2,403
3,391
4,389
5,329
6,328
7,321
8,310
9,305
10,302
11,282
12,265
13,264
14,263
15,259
16,247
17,247
18,240
19,238
20,236
21,222
22,214
23,212
24,210
25,205
26,204
27,203
28,202
29,199
30,196
31,195
32,193
33,190
34,189
35,185
36,184
37,179
38,179
39,178
40,177
41,176
42,174
43,174
44,173
45,173
46,171
47,171
48,165
49,164
50,163
51,158
52,154
53,152
54,151
55,150
56,150
57,149
58,149
59,148
60,147
61,147
62,145
63,145
64,144
65,143
66,140
67,140
68,139
69,137
70,135
71,134
72,133
73,133
74,132
75,132
76,132
77,131
78,131
79,131
80,130
81,130
82,129
83,128
84,127
85,126
86,126
87,125
88,125
89,124
90,123
91,123
92,123
93,123
94,122
95,122
96,121
97,121
98,119
99,119
100,119
101,118
102,117
103,117
104,116
105,116
106,115
107,115
108,115
109,115
110,115
111,115
112,114
113,114
114,114
115,114
116,114
117,113
118,113
119,113
120,112
121,112
122,111
123,111
124,111
125,110
126,110
127,110
128,110
129,110
130,109
131,109
132,109
133,109
134,108
135,108
136,108
137,108
138,107
139,107
140,107
141,107
142,106
143,106
144,106
145,105
146,105
147,105
148,104
149,104
150,104
151,104
152,103
153,103
154,102
155,102
156,102
157,102
158,102
159,102
160,102
161,102
162,101
163,101
164,101
165,101
166,101
167,101
168,101
169,101
170,100
171,100
172,100
173,100
174,100
175,99
176,99
177,99
178,99
179,99
180,99
181,99
182,98
183,98
184,98
185,98
186,98
187,98
188,98
189,98
190,98
191,98
192,98
193,97
194,97
195,97
196,97
197,96
198,96
199,96
200,96
201,96
202,96
203,96
204,96
205,95
206,95
207,95
208,95
209,95
210,95
211,95
212,94
213,94
214,94
215,94
216,94
217,94
218,93
219,93
220,93
221,93
222,93
223,93
224,93
225,93
226,93
227,92
228,92
229,92
230,92
231,92
232,92
233,92
234,91
235,91
236,91
237,91
238,90
239,90
240,90
241,90
242,90
243,90
244,90
245,90
246,90
247,90
248,90
249,90
250,90
251,89
252,89
253,89
254,89
255,89
256,89
257,89
258,89
259,88
260,88
261,88
262,88
263,88
264,87
265,87
266,87
267,87
268,87
269,86
270,86
271,86
272,86
273,86
274,86
275,85
276,85
277,85
278,85
279,85
280,84
281,84
282,84
283,84
284,84
285,83
286,83
287,83
288,83
289,83
290,83
291,83
292,83
293,83
294,83
295,82
296,82
297,82
298,82
299,82
300,82
301,82
302,82
303,82
304,82
305,81
306,81
307,81
308,81
309,81
310,81
311,81
312,81
313,81
314,81
315,81
316,81
317,81
318,80
319,80
320,80
321,80
322,80
323,80
324,80
325,80
326,80
327,79
328,79
329,79
330,79
331,79
332,79
333,79
334,79
335,79
336,79
337,79
338,78
339,78
340,78
341,78
342,78
343,78
344,77
345,77
346,77
347,77
348,77
349,77
350,77
351,77
352,76
353,76
354,76
355,76
356,75
357,75
358,75
359,75
360,75
361,75
362,75
363,75
364,75
365,74
366,74
367,74
368,74
369,74
370,73
371,73
372,73
373,73
374,73
375,73
376,73
377,73
378,73
379,73
380,73
381,72
382,72
383,72
384,72
385,72
386,72
387,72
388,72
389,72
390,72
391,71
392,71
393,71
394,71
395,71
396,71
397,71
398,71
399,71
400,71
401,71
402,71
403,71
404,71
405,71
406,71
407,70
408,70
409,70
410,70
411,70
412,70
413,70
414,70
415,70
416,70
417,70
418,70
419,70
420,70
421,70
422,70
423,70
424,70
425,70
426,69
427,69
428,69
429,69
430,69
431,69
432,69
433,69
434,68
435,68
436,68
437,68
438,68
439,68
440,68
441,68
442,68
443,68
444,67
445,67
446,67
447,67
448,67
449,67
450,67
451,67
452,67
453,67
454,67
455,67
456,67
457,67
458,67
459,67
460,66
461,66
462,66
463,66
464,66
465,66
466,66
467,66
468,66
469,66
470,66
471,66
472,66
473,66
474,66
475,66
476,66
477,66
478,66
479,65
480,65
481,65
482,65
483,65
484,65
485,65
486,65
487,65
488,65
489,65
490,65
491,65
492,64
493,64
494,64
495,64
496,64
497,64
498,64
499,64
500,64
501,64
502,64
503,64
504,64
505,63
506,63
507,63
508,63
509,63
510,63
511,63
512,63
513,63
514,63
515,63
516,63
517,63
518,62
519,62
520,62
521,62
522,62
523,62
524,62
525,62
526,62
527,62
528,62
529,62
530,62
531,61
532,61
533,61
534,61
535,61
536,61
537,61
538,61
539,61
540,61
541,61
542,61
543,61
544,61
545,60
546,60
547,60
548,60
549,60
550,60
551,60
552,60
553,60
554,60
555,60
556,60
557,60
558,60
559,60
560,60
561,60
562,60
563,60
564,59
565,59
566,59
567,59
568,59
569,59
570,59
571,59
572,59
573,59
574,59
575,59
576,59
577,59
578,59
579,59
580,59
581,59
582,59
583,58
584,58
585,58
586,58
587,58
588,58
589,58
590,58
591,58
592,58
593,58
594,58
595,58
596,58
597,58
598,58
599,58
600,58
601,58
602,58
603,58
604,58
605,58
606,58
607,57
608,57
609,57
610,57
611,57
612,57
613,57
614,57
615,57
616,57
617,57
618,57
619,57
620,57
621,57
622,57
623,57
624,56
625,56
626,56
627,56
628,56
629,56
630,56
631,56
632,56
633,56
634,56
635,56
636,56
637,56
638,56
639,56
640,56
641,55
642,55
643,55
644,55
645,55
646,55
647,55
648,55
649,55
650,55
651,55
652,55
653,55
654,55
655,55
656,55
657,55
658,55
659,55
660,54
661,54
662,54
663,54
664,54
665,54
666,54
667,54
668,54
669,54
670,54
671,54
672,54
673,54
674,53
675,53
676,53
677,53
678,53
679,53
680,53
681,53
682,53
683,53
684,53
685,53
686,53
687,52
688,52
689,52
690,52
691,52
692,52
693,52
694,52
695,52
696,52
697,52
698,52
699,52
700,52
701,52
702,52
703,52
704,52
705,52
706,52
707,52
708,51
709,51
710,51
711,51
712,51
713,51
714,51
715,51
716,51
717,51
718,51
719,51
720,51
721,51
722,51
723,51
724,51
725,51
726,50
727,50
728,50
729,50
730,50
731,50
732,50
733,50
734,50
735,50
736,50
737,50
738,50
739,50
740,50
741,50
742,50
743,49
744,49
745,49
746,49
747,49
748,49
749,49
750,49
751,49
752,49
753,49
754,49
755,49
756,49
757,49
758,49
759,49
760,49
761,49
762,49
763,49
764,49
765,49
766,49
767,48
768,48
769,48
770,48
771,48
772,48
773,48
774,48
775,48
776,48
777,48
778,48
779,48
780,48
781,48
782,48
783,48
784,48
785,48
786,48
787,48
788,48
789,48
790,47
791,47
792,47
793,47
794,47
795,47
796,47
797,47
798,47
799,47
800,47
801,47
802,47
803,47
804,47
805,47
806,47
807,47
808,47
809,47
810,46
811,46
812,46
813,46
814,46
815,46
816,46
817,46
818,46
819,46
820,46
821,46
822,46
823,46
824,46
825,46
826,46
827,46
828,46
829,45
830,45
831,45
832,45
833,45
834,45
835,45
836,45
837,45
838,45
839,45
840,45
841,45
842,45
843,45
844,45
845,45
846,45
847,45
848,45
849,45
850,45
851,45
852,45
853,44
854,44
855,44
856,44
857,44
858,44
859,44
860,44
861,44
862,44
863,44
864,44
865,44
866,44
867,44
868,44
869,44
870,44
871,44
872,44
873,44
874,44
875,44
876,44
877,44
878,44
879,44
880,44
881,44
882,44
883,44
884,44
885,44
886,44
887,43
888,43
889,43
890,43
891,43
892,43
893,43
894,43
895,43
896,43
897,43
898,43
899,43
900,43
901,43
902,43
903,43
904,43
905,43
906,43
907,43
908,43
909,43
910,43
911,43
912,43
913,42
914,42
915,42
916,42
917,42
918,42
919,42
920,42
921,42
922,42
923,42
924,42
925,42
926,42
927,42
928,42
929,42
930,42
931,42
932,42
933,42
934,42
935,42
936,41
937,41
938,41
939,41
940,41
941,41
942,41
943,41
944,41
945,41
946,41
947,41
948,41
949,41
950,41
951,41
952,41
953,41
954,41
955,41
956,41
957,41
958,41
959,41
960,41
961,41
962,41
963,41
964,41
965,41
966,40
967,40
968,40
969,40
970,40
971,40
972,40
973,40
974,40
975,40
976,40
977,40
978,40
979,40
980,40
981,40
982,40
983,40
984,40
985,40
986,40
987,40
988,40
989,40
990,40
991,40
992,40
993,40
994,39
995,39
996,39
997,39
998,39
999,39
1000,39
1001,39
1002,39
1003,39
1004,39
1005,39
1006,39
1007,39
1008,39
1009,39
1010,39
1011,39
1012,39
1013,39
1014,39
1015,39
1016,39
1017,39
1018,39
1019,39
1020,39
1021,39
1022,39
1023,39
1024,39
1025,39
1026,39
1027,39
1028,39
1029,39
1030,39
1031,39
1032,39
1033,39
1034,39
1035,39
1036,38
1037,38
1038,38
1039,38
1040,38
1041,38
1042,38
1043,38
1044,38
1045,38
1046,38
1047,38
1048,38
1049,38
1050,38
1051,38
1052,38
1053,38
1054,38
1055,38
1056,38
1057,38
1058,38
1059,38
1060,38
1061,38
1062,38
1063,38
1064,38
1065,38
1066,38
1067,37
1068,37
1069,37
1070,37
1071,37
1072,37
1073,37
1074,37
1075,37
1076,37
1077,37
1078,37
1079,37
1080,37
1081,37
1082,37
1083,37
1084,37
1085,37
1086,37
1087,37
1088,37
1089,37
1090,37
1091,37
1092,37
1093,37
1094,37
1095,37
1096,37
1097,37
1098,37
1099,37
1100,37
1101,37
1102,37
1103,37
1104,37
1105,37
1106,37
1107,37
1108,37
1109,37
1110,36
1111,36
1112,36
1113,36
1114,36
1115,36
1116,36
1117,36
1118,36
1119,36
1120,36
1121,36
1122,36
1123,36
1124,36
1125,36
1126,36
1127,36
1128,36
1129,36
1130,36
1131,36
1132,36
1133,36
1134,36
1135,36
1136,36
1137,36
1138,36
1139,36
1140,36
1141,36
1142,36
1143,36
1144,36
1145,36
1146,36
1147,36
1148,36
1149,36
1150,36
1151,36
1152,36
1153,36
1154,36
1155,36
1156,36
1157,36
1158,36
1159,35
1160,35
1161,35
1162,35
1163,35
1164,35
1165,35
1166,35
1167,35
1168,35
1169,35
1170,35
1171,35
1172,35
1173,35
1174,35
1175,35
1176,35
1177,35
1178,35
1179,35
1180,35
1181,35
1182,35
1183,35
1184,35
1185,35
1186,35
1187,35
1188,35
1189,35
1190,35
1191,35
1192,35
1193,35
1194,35
1195,34
1196,34
1197,34
1198,34
1199,34
1200,34
1201,34
1202,34
1203,34
1204,34
1205,34
1206,34
1207,34
1208,34
1209,34
1210,34
1211,34
1212,34
1213,34
1214,34
1215,34
1216,34
1217,34
1218,34
1219,34
1220,34
1221,34
1222,34
1223,34
1224,34
1225,34
1226,34
1227,34
1228,34
1229,34
1230,34
1231,34
1232,34
1233,34
1234,34
1235,34
1236,34
1237,34
1238,34
1239,34
1240,34
1241,34
1242,34
1243,33
1244,33
1245,33
1246,33
1247,33
1248,33
1249,33
1250,33
1251,33
1252,33
1253,33
1254,33
1255,33
1256,33
1257,33
1258,33
1259,33
1260,33
1261,33
1262,33
1263,33
1264,33
1265,33
1266,33
1267,33
1268,33
1269,33
1270,33
1271,33
1272,33
1273,33
1274,33
1275,33
1276,33
1277,33
1278,33
1279,33
1280,33
1281,33
1282,33
1283,33
1284,33
1285,33
1286,32
1287,32
1288,32
1289,32
1290,32
1291,32
1292,32
1293,32
1294,32
1295,32
1296,32
1297,32
1298,32
1299,32
1300,32
1301,32
1302,32
1303,32
1304,32
1305,32
1306,32
1307,32
1308,32
1309,32
1310,32
1311,32
1312,32
1313,32
1314,32
1315,32
1316,32
1317,32
1318,32
1319,32
1320,32
1321,32
1322,32
1323,32
1324,32
1325,32
1326,32
1327,32
1328,32
1329,32
1330,32
1331,31
1332,31
1333,31
1334,31
1335,31
1336,31
1337,31
1338,31
1339,31
1340,31
1341,31
1342,31
1343,31
1344,31
1345,31
1346,31
1347,31
1348,31
1349,31
1350,31
1351,31
1352,31
1353,31
1354,31
1355,31
1356,31
1357,31
1358,31
1359,31
1360,31
1361,31
1362,31
1363,31
1364,31
1365,31
1366,31
1367,31
1368,31
1369,31
1370,31
1371,31
1372,31
1373,31
1374,31
1375,31
1376,31
1377,31
1378,31
1379,31
1380,31
1381,31
1382,31
1383,31
1384,31
1385,31
1386,31
1387,31
1388,30
1389,30
1390,30
1391,30
1392,30
1393,30
1394,30
1395,30
1396,30
1397,30
1398,30
1399,30
1400,30
1401,30
1402,30
1403,30
1404,30
1405,30
1406,30
1407,30
1408,30
1409,30
1410,30
1411,30
1412,30
1413,30
1414,30
1415,30
1416,30
1417,30
1418,30
1419,30
1420,30
1421,30
1422,30
1423,30
1424,30
1425,30
1426,30
1427,30
1428,30
1429,30
1430,30
1431,30
1432,30
1433,30
1434,30
1435,30
1436,30
1437,29
1438,29
1439,29
1440,29
1441,29
1442,29
1443,29
1444,29
1445,29
1446,29
1447,29
1448,29
1449,29
1450,29
1451,29
1452,29
1453,29
1454,29
1455,29
1456,29
1457,29
1458,29
1459,29
1460,29
1461,29
1462,29
1463,29
1464,29
1465,29
1466,29
1467,29
1468,29
1469,29
1470,29
1471,29
1472,29
1473,29
1474,29
1475,29
1476,29
1477,29
1478,29
1479,29
1480,29
1481,29
1482,29
1483,29
1484,29
1485,29
1486,29
1487,29
1488,29
1489,29
1490,29
1491,29
1492,29
1493,29
1494,29
1495,29
1496,29
1497,29
1498,29
1499,28
1500,28
1501,28
1502,28
1503,28
1504,28
1505,28
1506,28
1507,28
1508,28
1509,28
1510,28
1511,28
1512,28
1513,28
1514,28
1515,28
1516,28
1517,28
1518,28
1519,28
1520,28
1521,28
1522,28
1523,28
1524,28
1525,28
1526,28
1527,28
1528,28
1529,28
1530,28
1531,28
1532,28
1533,28
1534,28
1535,28
1536,28
1537,28
1538,28
1539,28
1540,28
1541,28
1542,28
1543,28
1544,28
1545,28
1546,28
1547,28
1548,28
1549,28
1550,28
1551,28
1552,28
1553,28
1554,28
1555,28
1556,28
1557,28
1558,28
1559,28
1560,28
1561,28
1562,28
1563,28
1564,28
1565,28
1566,28
1567,28
1568,28
1569,28
1570,27
1571,27
1572,27
1573,27
1574,27
1575,27
1576,27
1577,27
1578,27
1579,27
1580,27
1581,27
1582,27
1583,27
1584,27
1585,27
1586,27
1587,27
1588,27
1589,27
1590,27
1591,27
1592,27
1593,27
1594,27
1595,27
1596,27
1597,27
1598,27
1599,27
1600,27
1601,27
1602,27
1603,27
1604,27
1605,27
1606,27
1607,27
1608,27
1609,27
1610,27
1611,27
1612,27
1613,27
1614,27
1615,27
1616,27
1617,27
1618,27
1619,27
1620,27
1621,27
1622,27
1623,27
1624,27
1625,27
1626,27
1627,27
1628,27
1629,27
1630,27
1631,27
1632,27
1633,27
1634,27
1635,27
1636,27
1637,27
1638,27
1639,27
1640,27
1641,27
1642,26
1643,26
1644,26
1645,26
1646,26
1647,26
1648,26
1649,26
1650,26
1651,26
1652,26
1653,26
1654,26
1655,26
1656,26
1657,26
1658,26
1659,26
1660,26
1661,26
1662,26
1663,26
1664,26
1665,26
1666,26
1667,26
1668,26
1669,26
1670,26
1671,26
1672,26
1673,26
1674,26
1675,26
1676,26
1677,26
1678,26
1679,26
1680,26
1681,26
1682,26
1683,26
1684,26
1685,26
1686,26
1687,26
1688,26
1689,26
1690,26
1691,26
1692,26
1693,26
1694,26
1695,26
1696,26
1697,26
1698,26
1699,26
1700,26
1701,26
1702,26
1703,26
1704,26
1705,26
1706,26
1707,26
1708,26
1709,26
1710,26
1711,26
1712,25
1713,25
1714,25
1715,25
1716,25
1717,25
1718,25
1719,25
1720,25
1721,25
1722,25
1723,25
1724,25
1725,25
1726,25
1727,25
1728,25
1729,25
1730,25
1731,25
1732,25
1733,25
1734,25
1735,25
1736,25
1737,25
1738,25
1739,25
1740,25
1741,25
1742,25
1743,25
1744,25
1745,25
1746,25
1747,25
1748,25
1749,25
1750,25
1751,25
1752,25
1753,25
1754,25
1755,25
1756,25
1757,25
1758,25
1759,25
1760,25
1761,25
1762,25
1763,25
1764,25
1765,25
1766,25
1767,25
1768,25
1769,25
1770,25
1771,25
1772,25
1773,25
1774,25
1775,25
1776,25
1777,25
1778,25
1779,25
1780,25
1781,25
1782,25
1783,25
1784,25
1785,25
1786,25
1787,25
1788,25
1789,25
1790,25
1791,25
1792,25
1793,25
1794,25
1795,24
1796,24
1797,24
1798,24
1799,24
1800,24
1801,24
1802,24
1803,24
1804,24
1805,24
1806,24
1807,24
1808,24
1809,24
1810,24
1811,24
1812,24
1813,24
1814,24
1815,24
1816,24
1817,24
1818,24
1819,24
1820,24
1821,24
1822,24
1823,24
1824,24
1825,24
1826,24
1827,24
1828,24
1829,24
1830,24
1831,24
1832,24
1833,24
1834,24
1835,24
1836,24
1837,24
1838,24
1839,24
1840,24
1841,24
1842,24
1843,24
1844,24
1845,24
1846,24
1847,24
1848,24
1849,24
1850,24
1851,24
1852,24
1853,24
1854,24
1855,24
1856,24
1857,24
1858,24
1859,24
1860,24
1861,24
1862,24
1863,24
1864,24
1865,24
1866,24
1867,24
1868,24
1869,24
1870,24
1871,24
1872,24
1873,24
1874,24
1875,24
1876,24
1877,24
1878,24
1879,24
1880,24
1881,24
1882,24
1883,24
1884,24
1885,24
1886,24
1887,24
1888,24
1889,24
1890,24
1891,23
1892,23
1893,23
1894,23
1895,23
1896,23
1897,23
1898,23
1899,23
1900,23
1901,23
1902,23
1903,23
1904,23
1905,23
1906,23
1907,23
1908,23
1909,23
1910,23
1911,23
1912,23
1913,23
1914,23
1915,23
1916,23
1917,23
1918,23
1919,23
1920,23
1921,23
1922,23
1923,23
1924,23
1925,23
1926,23
1927,23
1928,23
1929,23
1930,23
1931,23
1932,23
1933,23
1934,23
1935,23
1936,23
1937,23
1938,23
1939,23
1940,23
1941,23
1942,23
1943,23
1944,23
1945,23
1946,23
1947,23
1948,23
1949,23
1950,23
1951,23
1952,23
1953,23
1954,23
1955,23
1956,23
1957,23
1958,23
1959,23
1960,23
1961,23
1962,23
1963,23
1964,23
1965,23
1966,23
1967,23
1968,23
1969,23
1970,23
1971,23
1972,23
1973,23
1974,23
1975,23
1976,23
1977,23
1978,23
1979,23
1980,23
1981,23
1982,23
1983,23
1984,23
1985,23
1986,23
1987,23
1988,23
1989,23
1990,23
1991,23
1992,23
1993,23
1994,23
1995,23
1996,23
1997,23
1998,23
1999,23
2000,23
2001,23
2002,23
2003,23
2004,23
2005,23
2006,23
2007,23
2008,23
2009,23
2010,23
2011,23
2012,23
2013,23
2014,23
2015,23
2016,23
2017,23
2018,23
2019,23
2020,23
2021,23
2022,23
2023,22
2024,22
2025,22
2026,22
2027,22
2028,22
2029,22
2030,22
2031,22
2032,22
2033,22
2034,22
2035,22
2036,22
2037,22
2038,22
2039,22
2040,22
2041,22
2042,22
2043,22
2044,22
2045,22
2046,22
2047,22
2048,22
2049,22
2050,22
2051,22
2052,22
2053,22
2054,22
2055,22
2056,22
2057,22
2058,22
2059,22
2060,22
2061,22
2062,22
2063,22
2064,22
2065,22
2066,22
2067,22
2068,22
2069,22
2070,22
2071,22
2072,22
2073,22
2074,22
2075,22
2076,22
2077,22
2078,22
2079,22
2080,22
2081,22
2082,22
2083,22
2084,22
2085,22
2086,22
2087,22
2088,22
2089,22
2090,22
2091,22
2092,22
2093,22
2094,22
2095,22
2096,22
2097,22
2098,22
2099,22
2100,22
2101,22
2102,22
2103,22
2104,22
2105,22
2106,22
2107,22
2108,22
2109,22
2110,22
2111,22
2112,22
2113,22
2114,22
2115,22
2116,22
2117,22
2118,22
2119,22
2120,22
2121,22
2122,22
2123,22
2124,22
2125,22
2126,22
2127,22
2128,22
2129,22
2130,22
2131,22
2132,22
2133,22
2134,22
2135,21
2136,21
2137,21
2138,21
2139,21
2140,21
2141,21
2142,21
2143,21
2144,21
2145,21
2146,21
2147,21
2148,21
2149,21
2150,21
2151,21
2152,21
2153,21
2154,21
2155,21
2156,21
2157,21
2158,21
2159,21
2160,21
2161,21
2162,21
2163,21
2164,21
2165,21
2166,21
2167,21
2168,21
2169,21
2170,21
2171,21
2172,21
2173,21
2174,21
2175,21
2176,21
2177,21
2178,21
2179,21
2180,21
2181,21
2182,21
2183,21
2184,21
2185,21
2186,21
2187,21
2188,21
2189,21
2190,21
2191,21
2192,21
2193,21
2194,21
2195,21
2196,21
2197,21
2198,21
2199,21
2200,21
2201,21
2202,21
2203,21
2204,21
2205,21
2206,21
2207,21
2208,21
2209,21
2210,21
2211,21
2212,21
2213,21
2214,21
2215,21
2216,21
2217,21
2218,21
2219,21
2220,21
2221,21
2222,21
2223,21
2224,21
2225,21
2226,21
2227,21
2228,21
2229,21
2230,21
2231,21
2232,21
2233,21
2234,21
2235,21
2236,21
2237,21
2238,21
2239,21
2240,21
2241,21
2242,21
2243,21
2244,21
2245,21
2246,21
2247,21
2248,21
2249,21
2250,21
2251,21
2252,21
2253,21
2254,21
2255,21
2256,21
2257,21
2258,20
2259,20
2260,20
2261,20
2262,20
2263,20
2264,20
2265,20
2266,20
2267,20
2268,20
2269,20
2270,20
2271,20
2272,20
2273,20
2274,20
2275,20
2276,20
2277,20
2278,20
2279,20
2280,20
2281,20
2282,20
2283,20
2284,20
2285,20
2286,20
2287,20
2288,20
2289,20
2290,20
2291,20
2292,20
2293,20
2294,20
2295,20
2296,20
2297,20
2298,20
2299,20
2300,20
2301,20
2302,20
2303,20
2304,20
2305,20
2306,20
2307,20
2308,20
2309,20
2310,20
2311,20
2312,20
2313,20
2314,20
2315,20
2316,20
2317,20
2318,20
2319,20
2320,20
2321,20
2322,20
2323,20
2324,20
2325,20
2326,20
2327,20
2328,20
2329,20
2330,20
2331,20
2332,20
2333,20
2334,20
2335,20
2336,20
2337,20
2338,20
2339,20
2340,20
2341,20
2342,20
2343,20
2344,20
2345,20
2346,20
2347,20
2348,20
2349,20
2350,20
2351,20
2352,20
2353,20
2354,20
2355,20
2356,20
2357,20
2358,20
2359,20
2360,20
2361,20
2362,20
2363,20
2364,20
2365,20
2366,20
2367,20
2368,20
2369,20
2370,20
2371,20
2372,20
2373,20
2374,20
2375,20
2376,20
2377,20
2378,20
2379,20
2380,20
2381,20
2382,20
2383,20
2384,20
2385,20
2386,20
2387,20
2388,20
2389,20
2390,19
2391,19
2392,19
2393,19
2394,19
2395,19
2396,19
2397,19
2398,19
2399,19
2400,19
2401,19
2402,19
2403,19
2404,19
2405,19
2406,19
2407,19
2408,19
2409,19
2410,19
2411,19
2412,19
2413,19
2414,19
2415,19
2416,19
2417,19
2418,19
2419,19
2420,19
2421,19
2422,19
2423,19
2424,19
2425,19
2426,19
2427,19
2428,19
2429,19
2430,19
2431,19
2432,19
2433,19
2434,19
2435,19
2436,19
2437,19
2438,19
2439,19
2440,19
2441,19
2442,19
2443,19
2444,19
2445,19
2446,19
2447,19
2448,19
2449,19
2450,19
2451,19
2452,19
2453,19
2454,19
2455,19
2456,19
2457,19
2458,19
2459,19
2460,19
2461,19
2462,19
2463,19
2464,19
2465,19
2466,19
2467,19
2468,19
2469,19
2470,19
2471,19
2472,19
2473,19
2474,19
2475,19
2476,19
2477,19
2478,19
2479,19
2480,19
2481,19
2482,19
2483,19
2484,19
2485,19
2486,19
2487,19
2488,19
2489,19
2490,19
2491,19
2492,19
2493,19
2494,19
2495,19
2496,19
2497,19
2498,19
2499,19
2500,19
2501,19
2502,19
2503,19
2504,19
2505,19
2506,19
2507,19
2508,19
2509,19
2510,19
2511,19
2512,19
2513,19
2514,19
2515,19
2516,19
2517,19
2518,19
2519,19
2520,19
2521,19
2522,19
2523,19
2524,19
2525,19
2526,18
2527,18
2528,18
2529,18
2530,18
2531,18
2532,18
2533,18
2534,18
2535,18
2536,18
2537,18
2538,18
2539,18
2540,18
2541,18
2542,18
2543,18
2544,18
2545,18
2546,18
2547,18
2548,18
2549,18
2550,18
2551,18
2552,18
2553,18
2554,18
2555,18
2556,18
2557,18
2558,18
2559,18
2560,18
2561,18
2562,18
2563,18
2564,18
2565,18
2566,18
2567,18
2568,18
2569,18
2570,18
2571,18
2572,18
2573,18
2574,18
2575,18
2576,18
2577,18
2578,18
2579,18
2580,18
2581,18
2582,18
2583,18
2584,18
2585,18
2586,18
2587,18
2588,18
2589,18
2590,18
2591,18
2592,18
2593,18
2594,18
2595,18
2596,18
2597,18
2598,18
2599,18
2600,18
2601,18
2602,18
2603,18
2604,18
2605,18
2606,18
2607,18
2608,18
2609,18
2610,18
2611,18
2612,18
2613,18
2614,18
2615,18
2616,18
2617,18
2618,18
2619,18
2620,18
2621,18
2622,18
2623,18
2624,18
2625,18
2626,18
2627,18
2628,18
2629,18
2630,18
2631,18
2632,18
2633,18
2634,18
2635,18
2636,18
2637,18
2638,18
2639,18
2640,18
2641,18
2642,18
2643,18
2644,18
2645,18
2646,18
2647,18
2648,18
2649,18
2650,18
2651,18
2652,18
2653,18
2654,18
2655,18
2656,18
2657,18
2658,18
2659,18
2660,18
2661,18
2662,18
2663,18
2664,18
2665,18
2666,18
2667,18
2668,18
2669,18
2670,18
2671,18
2672,18
2673,18
2674,18
2675,18
2676,18
2677,18
2678,18
2679,18
2680,18
2681,18
2682,18
2683,18
2684,18
2685,18
2686,18
2687,18
2688,18
2689,18
2690,18
2691,18
2692,18
2693,18
2694,18
2695,18
2696,18
2697,18
2698,18
2699,18
2700,18
2701,18
2702,18
2703,18
2704,18
2705,18
2706,18
2707,17
2708,17
2709,17
2710,17
2711,17
2712,17
2713,17
2714,17
2715,17
2716,17
2717,17
2718,17
2719,17
2720,17
2721,17
2722,17
2723,17
2724,17
2725,17
2726,17
2727,17
2728,17
2729,17
2730,17
2731,17
2732,17
2733,17
2734,17
2735,17
2736,17
2737,17
2738,17
2739,17
2740,17
2741,17
2742,17
2743,17
2744,17
2745,17
2746,17
2747,17
2748,17
2749,17
2750,17
2751,17
2752,17
2753,17
2754,17
2755,17
2756,17
2757,17
2758,17
2759,17
2760,17
2761,17
2762,17
2763,17
2764,17
2765,17
2766,17
2767,17
2768,17
2769,17
2770,17
2771,17
2772,17
2773,17
2774,17
2775,17
2776,17
2777,17
2778,17
2779,17
2780,17
2781,17
2782,17
2783,17
2784,17
2785,17
2786,17
2787,17
2788,17
2789,17
2790,17
2791,17
2792,17
2793,17
2794,17
2795,17
2796,17
2797,17
2798,17
2799,17
2800,17
2801,17
2802,17
2803,17
2804,17
2805,17
2806,17
2807,17
2808,17
2809,17
2810,17
2811,17
2812,17
2813,17
2814,17
2815,17
2816,17
2817,17
2818,17
2819,17
2820,17
2821,17
2822,17
2823,17
2824,17
2825,17
2826,17
2827,17
2828,17
2829,17
2830,17
2831,17
2832,17
2833,17
2834,17
2835,17
2836,17
2837,17
2838,17
2839,17
2840,17
2841,17
2842,17
2843,17
2844,17
2845,17
2846,17
2847,17
2848,17
2849,17
2850,17
2851,17
2852,17
2853,17
2854,17
2855,17
2856,17
2857,17
2858,17
2859,17
2860,17
2861,17
2862,17
2863,17
2864,17
2865,17
2866,17
2867,17
2868,17
2869,17
2870,17
2871,17
2872,17
2873,17
2874,17
2875,17
2876,17
2877,17
2878,17
2879,17
2880,17
2881,17
2882,17
2883,17
2884,17
2885,17
2886,17
2887,17
2888,17
2889,17
2890,17
2891,17
2892,17
2893,17
2894,17
2895,17
2896,17
2897,17
2898,17
2899,17
2900,17
2901,17
2902,17
2903,17
2904,17
2905,17
2906,17
2907,17
2908,17
2909,17
2910,17
2911,17
2912,17
2913,17
2914,17
2915,17
2916,17
2917,17
2918,17
2919,17
2920,17
2921,17
2922,17
2923,17
2924,17
2925,17
2926,17
2927,16
2928,16
2929,16
2930,16
2931,16
2932,16
2933,16
2934,16
2935,16
2936,16
2937,16
2938,16
2939,16
2940,16
2941,16
2942,16
2943,16
2944,16
2945,16
2946,16
2947,16
2948,16
2949,16
2950,16
2951,16
2952,16
2953,16
2954,16
2955,16
2956,16
2957,16
2958,16
2959,16
2960,16
2961,16
2962,16
2963,16
2964,16
2965,16
2966,16
2967,16
2968,16
2969,16
2970,16
2971,16
2972,16
2973,16
2974,16
2975,16
2976,16
2977,16
2978,16
2979,16
2980,16
2981,16
2982,16
2983,16
2984,16
2985,16
2986,16
2987,16
2988,16
2989,16
2990,16
2991,16
2992,16
2993,16
2994,16
2995,16
2996,16
2997,16
2998,16
2999,16
3000,16
3001,16
3002,16
3003,16
3004,16
3005,16
3006,16
3007,16
3008,16
3009,16
3010,16
3011,16
3012,16
3013,16
3014,16
3015,16
3016,16
3017,16
3018,16
3019,16
3020,16
3021,16
3022,16
3023,16
3024,16
3025,16
3026,16
3027,16
3028,16
3029,16
3030,16
3031,16
3032,16
3033,16
3034,16
3035,16
3036,16
3037,16
3038,16
3039,16
3040,16
3041,16
3042,16
3043,16
3044,16
3045,16
3046,16
3047,16
3048,16
3049,16
3050,16
3051,16
3052,16
3053,16
3054,16
3055,16
3056,16
3057,16
3058,16
3059,16
3060,16
3061,16
3062,16
3063,16
3064,16
3065,16
3066,16
3067,16
3068,16
3069,16
3070,16
3071,16
3072,16
3073,16
3074,16
3075,16
3076,16
3077,16
3078,16
3079,16
3080,16
3081,16
3082,16
3083,16
3084,16
3085,16
3086,16
3087,16
3088,16
3089,16
3090,16
3091,16
3092,16
3093,16
3094,16
3095,16
3096,16
3097,16
3098,16
3099,16
3100,16
3101,16
3102,16
3103,16
3104,16
3105,16
3106,16
3107,16
3108,16
3109,16
3110,16
3111,16
3112,16
3113,16
3114,16
3115,16
3116,16
3117,16
3118,16
3119,16
3120,16
3121,16
3122,16
3123,16
3124,16
3125,16
3126,16
3127,16
3128,16
3129,16
3130,16
3131,16
3132,16
3133,16
3134,16
3135,16
3136,16
3137,15
3138,15
3139,15
3140,15
3141,15
3142,15
3143,15
3144,15
3145,15
3146,15
3147,15
3148,15
3149,15
3150,15
3151,15
3152,15
3153,15
3154,15
3155,15
3156,15
3157,15
3158,15
3159,15
3160,15
3161,15
3162,15
3163,15
3164,15
3165,15
3166,15
3167,15
3168,15
3169,15
3170,15
3171,15
3172,15
3173,15
3174,15
3175,15
3176,15
3177,15
3178,15
3179,15
3180,15
3181,15
3182,15
3183,15
3184,15
3185,15
3186,15
3187,15
3188,15
3189,15
3190,15
3191,15
3192,15
3193,15
3194,15
3195,15
3196,15
3197,15
3198,15
3199,15
3200,15
3201,15
3202,15
3203,15
3204,15
3205,15
3206,15
3207,15
3208,15
3209,15
3210,15
3211,15
3212,15
3213,15
3214,15
3215,15
3216,15
3217,15
3218,15
3219,15
3220,15
3221,15
3222,15
3223,15
3224,15
3225,15
3226,15
3227,15
3228,15
3229,15
3230,15
3231,15
3232,15
3233,15
3234,15
3235,15
3236,15
3237,15
3238,15
3239,15
3240,15
3241,15
3242,15
3243,15
3244,15
3245,15
3246,15
3247,15
3248,15
3249,15
3250,15
3251,15
3252,15
3253,15
3254,15
3255,15
3256,15
3257,15
3258,15
3259,15
3260,15
3261,15
3262,15
3263,15
3264,15
3265,15
3266,15
3267,15
3268,15
3269,15
3270,15
3271,15
3272,15
3273,15
3274,15
3275,15
3276,15
3277,15
3278,15
3279,15
3280,15
3281,15
3282,15
3283,15
3284,15
3285,15
3286,15
3287,15
3288,15
3289,15
3290,15
3291,15
3292,15
3293,15
3294,15
3295,15
3296,15
3297,15
3298,15
3299,15
3300,15
3301,15
3302,15
3303,15
3304,15
3305,15
3306,15
3307,15
3308,15
3309,15
3310,15
3311,15
3312,15
3313,15
3314,15
3315,15
3316,15
3317,15
3318,15
3319,15
3320,15
3321,15
3322,15
3323,15
3324,15
3325,15
3326,15
3327,15
3328,15
3329,15
3330,15
3331,15
3332,15
3333,15
3334,15
3335,15
3336,15
3337,15
3338,15
3339,15
3340,15
3341,15
3342,15
3343,15
3344,15
3345,15
3346,15
3347,15
3348,15
3349,15
3350,15
3351,15
3352,15
3353,15
3354,15
3355,15
3356,15
3357,15
3358,15
3359,15
3360,15
3361,15
3362,15
3363,15
3364,15
3365,15
3366,15
3367,15
3368,15
3369,15
3370,15
3371,15
3372,15
3373,15
3374,15
3375,15
3376,15
3377,15
3378,15
3379,15
3380,15
3381,15
3382,15
3383,15
3384,15
3385,15
3386,15
3387,15
3388,15
3389,15
3390,15
3391,14
3392,14
3393,14
3394,14
3395,14
3396,14
3397,14
3398,14
3399,14
3400,14
3401,14
3402,14
3403,14
3404,14
3405,14
3406,14
3407,14
3408,14
3409,14
3410,14
3411,14
3412,14
3413,14
3414,14
3415,14
3416,14
3417,14
3418,14
3419,14
3420,14
3421,14
3422,14
3423,14
3424,14
3425,14
3426,14
3427,14
3428,14
3429,14
3430,14
3431,14
3432,14
3433,14
3434,14
3435,14
3436,14
3437,14
3438,14
3439,14
3440,14
3441,14
3442,14
3443,14
3444,14
3445,14
3446,14
3447,14
3448,14
3449,14
3450,14
3451,14
3452,14
3453,14
3454,14
3455,14
3456,14
3457,14
3458,14
3459,14
3460,14
3461,14
3462,14
3463,14
3464,14
3465,14
3466,14
3467,14
3468,14
3469,14
3470,14
3471,14
3472,14
3473,14
3474,14
3475,14
3476,14
3477,14
3478,14
3479,14
3480,14
3481,14
3482,14
3483,14
3484,14
3485,14
3486,14
3487,14
3488,14
3489,14
3490,14
3491,14
3492,14
3493,14
3494,14
3495,14
3496,14
3497,14
3498,14
3499,14
3500,14
3501,14
3502,14
3503,14
3504,14
3505,14
3506,14
3507,14
3508,14
3509,14
3510,14
3511,14
3512,14
3513,14
3514,14
3515,14
3516,14
3517,14
3518,14
3519,14
3520,14
3521,14
3522,14
3523,14
3524,14
3525,14
3526,14
3527,14
3528,14
3529,14
3530,14
3531,14
3532,14
3533,14
3534,14
3535,14
3536,14
3537,14
3538,14
3539,14
3540,14
3541,14
3542,14
3543,14
3544,14
3545,14
3546,14
3547,14
3548,14
3549,14
3550,14
3551,14
3552,14
3553,14
3554,14
3555,14
3556,14
3557,14
3558,14
3559,14
3560,14
3561,14
3562,14
3563,14
3564,14
3565,14
3566,14
3567,14
3568,14
3569,14
3570,14
3571,14
3572,14
3573,14
3574,14
3575,14
3576,14
3577,14
3578,14
3579,14
3580,14
3581,14
3582,14
3583,14
3584,14
3585,14
3586,14
3587,14
3588,14
3589,14
3590,14
3591,14
3592,14
3593,14
3594,14
3595,14
3596,14
3597,14
3598,14
3599,14
3600,14
3601,14
3602,14
3603,14
3604,14
3605,14
3606,14
3607,14
3608,14
3609,14
3610,14
3611,14
3612,14
3613,14
3614,14
3615,14
3616,14
3617,14
3618,14
3619,14
3620,14
3621,14
3622,14
3623,14
3624,14
3625,14
3626,14
3627,14
3628,14
3629,14
3630,14
3631,14
3632,14
3633,14
3634,14
3635,14
3636,14
3637,14
3638,14
3639,14
3640,14
3641,14
3642,14
3643,14
3644,14
3645,14
3646,14
3647,14
3648,14
3649,14
3650,14
3651,13
3652,13
3653,13
3654,13
3655,13
3656,13
3657,13
3658,13
3659,13
3660,13
3661,13
3662,13
3663,13
3664,13
3665,13
3666,13
3667,13
3668,13
3669,13
3670,13
3671,13
3672,13
3673,13
3674,13
3675,13
3676,13
3677,13
3678,13
3679,13
3680,13
3681,13
3682,13
3683,13
3684,13
3685,13
3686,13
3687,13
3688,13
3689,13
3690,13
3691,13
3692,13
3693,13
3694,13
3695,13
3696,13
3697,13
3698,13
3699,13
3700,13
3701,13
3702,13
3703,13
3704,13
3705,13
3706,13
3707,13
3708,13
3709,13
3710,13
3711,13
3712,13
3713,13
3714,13
3715,13
3716,13
3717,13
3718,13
3719,13
3720,13
3721,13
3722,13
3723,13
3724,13
3725,13
3726,13
3727,13
3728,13
3729,13
3730,13
3731,13
3732,13
3733,13
3734,13
3735,13
3736,13
3737,13
3738,13
3739,13
3740,13
3741,13
3742,13
3743,13
3744,13
3745,13
3746,13
3747,13
3748,13
3749,13
3750,13
3751,13
3752,13
3753,13
3754,13
3755,13
3756,13
3757,13
3758,13
3759,13
3760,13
3761,13
3762,13
3763,13
3764,13
3765,13
3766,13
3767,13
3768,13
3769,13
3770,13
3771,13
3772,13
3773,13
3774,13
3775,13
3776,13
3777,13
3778,13
3779,13
3780,13
3781,13
3782,13
3783,13
3784,13
3785,13
3786,13
3787,13
3788,13
3789,13
3790,13
3791,13
3792,13
3793,13
3794,13
3795,13
3796,13
3797,13
3798,13
3799,13
3800,13
3801,13
3802,13
3803,13
3804,13
3805,13
3806,13
3807,13
3808,13
3809,13
3810,13
3811,13
3812,13
3813,13
3814,13
3815,13
3816,13
3817,13
3818,13
3819,13
3820,13
3821,13
3822,13
3823,13
3824,13
3825,13
3826,13
3827,13
3828,13
3829,13
3830,13
3831,13
3832,13
3833,13
3834,13
3835,13
3836,13
3837,13
3838,13
3839,13
3840,13
3841,13
3842,13
3843,13
3844,13
3845,13
3846,13
3847,13
3848,13
3849,13
3850,13
3851,13
3852,13
3853,13
3854,13
3855,13
3856,13
3857,13
3858,13
3859,13
3860,13
3861,13
3862,13
3863,13
3864,13
3865,13
3866,13
3867,13
3868,13
3869,13
3870,13
3871,13
3872,13
3873,13
3874,13
3875,13
3876,13
3877,13
3878,13
3879,13
3880,13
3881,13
3882,13
3883,13
3884,13
3885,13
3886,13
3887,13
3888,13
3889,13
3890,13
3891,13
3892,13
3893,13
3894,13
3895,13
3896,13
3897,13
3898,13
3899,13
3900,13
3901,13
3902,13
3903,13
3904,13
3905,13
3906,13
3907,13
3908,13
3909,13
3910,13
3911,13
3912,13
3913,13
3914,13
3915,13
3916,13
3917,13
3918,13
3919,13
3920,13
3921,13
3922,13
3923,13
3924,13
3925,13
3926,13
3927,13
3928,13
3929,13
3930,13
3931,13
3932,13
3933,13
3934,13
3935,13
3936,13
3937,13
3938,13
3939,13
3940,13
3941,13
3942,13
3943,13
3944,13
3945,13
3946,13
3947,13
3948,13
3949,13
3950,13
3951,13
3952,13
3953,13
3954,13
3955,13
3956,13
3957,13
3958,13
3959,13
3960,13
3961,13
3962,13
3963,13
3964,13
3965,13
3966,13
3967,13
3968,13
3969,13
3970,13
3971,13
3972,13
3973,13
3974,13
3975,13
3976,13
3977,13
3978,13
3979,13
3980,13
3981,13
3982,13
3983,13
3984,13
3985,13
3986,13
3987,13
3988,13
3989,13
3990,13
3991,12
3992,12
3993,12
3994,12
3995,12
3996,12
3997,12
3998,12
3999,12
4000,12
4001,12
4002,12
4003,12
4004,12
4005,12
4006,12
4007,12
4008,12
4009,12
4010,12
4011,12
4012,12
4013,12
4014,12
4015,12
4016,12
4017,12
4018,12
4019,12
4020,12
4021,12
4022,12
4023,12
4024,12
4025,12
4026,12
4027,12
4028,12
4029,12
4030,12
4031,12
4032,12
4033,12
4034,12
4035,12
4036,12
4037,12
4038,12
4039,12
4040,12
4041,12
4042,12
4043,12
4044,12
4045,12
4046,12
4047,12
4048,12
4049,12
4050,12
4051,12
4052,12
4053,12
4054,12
4055,12
4056,12
4057,12
4058,12
4059,12
4060,12
4061,12
4062,12
4063,12
4064,12
4065,12
4066,12
4067,12
4068,12
4069,12
4070,12
4071,12
4072,12
4073,12
4074,12
4075,12
4076,12
4077,12
4078,12
4079,12
4080,12
4081,12
4082,12
4083,12
4084,12
4085,12
4086,12
4087,12
4088,12
4089,12
4090,12
4091,12
4092,12
4093,12
4094,12
4095,12
4096,12
4097,12
4098,12
4099,12
4100,12
4101,12
4102,12
4103,12
4104,12
4105,12
4106,12
4107,12
4108,12
4109,12
4110,12
4111,12
4112,12
4113,12
4114,12
4115,12
4116,12
4117,12
4118,12
4119,12
4120,12
4121,12
4122,12
4123,12
4124,12
4125,12
4126,12
4127,12
4128,12
4129,12
4130,12
4131,12
4132,12
4133,12
4134,12
4135,12
4136,12
4137,12
4138,12
4139,12
4140,12
4141,12
4142,12
4143,12
4144,12
4145,12
4146,12
4147,12
4148,12
4149,12
4150,12
4151,12
4152,12
4153,12
4154,12
4155,12
4156,12
4157,12
4158,12
4159,12
4160,12
4161,12
4162,12
4163,12
4164,12
4165,12
4166,12
4167,12
4168,12
4169,12
4170,12
4171,12
4172,12
4173,12
4174,12
4175,12
4176,12
4177,12
4178,12
4179,12
4180,12
4181,12
4182,12
4183,12
4184,12
4185,12
4186,12
4187,12
4188,12
4189,12
4190,12
4191,12
4192,12
4193,12
4194,12
4195,12
4196,12
4197,12
4198,12
4199,12
4200,12
4201,12
4202,12
4203,12
4204,12
4205,12
4206,12
4207,12
4208,12
4209,12
4210,12
4211,12
4212,12
4213,12
4214,12
4215,12
4216,12
4217,12
4218,12
4219,12
4220,12
4221,12
4222,12
4223,12
4224,12
4225,12
4226,12
4227,12
4228,12
4229,12
4230,12
4231,12
4232,12
4233,12
4234,12
4235,12
4236,12
4237,12
4238,12
4239,12
4240,12
4241,12
4242,12
4243,12
4244,12
4245,12
4246,12
4247,12
4248,12
4249,12
4250,12
4251,12
4252,12
4253,12
4254,12
4255,12
4256,12
4257,12
4258,12
4259,12
4260,12
4261,12
4262,12
4263,12
4264,12
4265,12
4266,12
4267,12
4268,12
4269,12
4270,12
4271,12
4272,12
4273,12
4274,12
4275,12
4276,12
4277,12
4278,12
4279,12
4280,12
4281,12
4282,12
4283,12
4284,12
4285,12
4286,12
4287,12
4288,12
4289,12
4290,12
4291,12
4292,12
4293,12
4294,12
4295,12
4296,12
4297,12
4298,12
4299,12
4300,12
4301,12
4302,12
4303,12
4304,12
4305,12
4306,12
4307,12
4308,12
4309,12
4310,12
4311,12
4312,12
4313,12
4314,12
4315,12
4316,12
4317,12
4318,12
4319,12
4320,12
4321,12
4322,12
4323,12
4324,12
4325,12
4326,12
4327,12
4328,12
4329,12
4330,12
4331,12
4332,12
4333,12
4334,12
4335,12
4336,12
4337,12
4338,12
4339,12
4340,12
4341,12
4342,12
4343,12
4344,12
4345,12
4346,12
4347,12
4348,12
4349,12
4350,12
4351,12
4352,12
4353,12
4354,12
4355,12
4356,12
4357,12
4358,12
4359,12
4360,12
4361,12
4362,12
4363,12
4364,12
4365,12
4366,12
4367,12
4368,12
4369,12
4370,12
4371,12
4372,12
4373,12
4374,12
4375,12
4376,12
4377,12
4378,12
4379,12
4380,12
4381,12
4382,12
4383,12
4384,12
4385,12
4386,12
4387,12
4388,12
4389,12
4390,12
4391,12
4392,12
4393,12
4394,12
4395,12
4396,12
4397,12
4398,12
4399,12
4400,12
4401,12
4402,12
4403,12
4404,12
4405,12
4406,12
4407,12
4408,12
4409,12
4410,12
4411,12
4412,12
4413,12
4414,12
4415,12
4416,12
4417,12
4418,11
4419,11
4420,11
4421,11
4422,11
4423,11
4424,11
4425,11
4426,11
4427,11
4428,11
4429,11
4430,11
4431,11
4432,11
4433,11
4434,11
4435,11
4436,11
4437,11
4438,11
4439,11
4440,11
4441,11
4442,11
4443,11
4444,11
4445,11
4446,11
4447,11
4448,11
4449,11
4450,11
4451,11
4452,11
4453,11
4454,11
4455,11
4456,11
4457,11
4458,11
4459,11
4460,11
4461,11
4462,11
4463,11
4464,11
4465,11
4466,11
4467,11
4468,11
4469,11
4470,11
4471,11
4472,11
4473,11
4474,11
4475,11
4476,11
4477,11
4478,11
4479,11
4480,11
4481,11
4482,11
4483,11
4484,11
4485,11
4486,11
4487,11
4488,11
4489,11
4490,11
4491,11
4492,11
4493,11
4494,11
4495,11
4496,11
4497,11
4498,11
4499,11
4500,11
4501,11
4502,11
4503,11
4504,11
4505,11
4506,11
4507,11
4508,11
4509,11
4510,11
4511,11
4512,11
4513,11
4514,11
4515,11
4516,11
4517,11
4518,11
4519,11
4520,11
4521,11
4522,11
4523,11
4524,11
4525,11
4526,11
4527,11
4528,11
4529,11
4530,11
4531,11
4532,11
4533,11
4534,11
4535,11
4536,11
4537,11
4538,11
4539,11
4540,11
4541,11
4542,11
4543,11
4544,11
4545,11
4546,11
4547,11
4548,11
4549,11
4550,11
4551,11
4552,11
4553,11
4554,11
4555,11
4556,11
4557,11
4558,11
4559,11
4560,11
4561,11
4562,11
4563,11
4564,11
4565,11
4566,11
4567,11
4568,11
4569,11
4570,11
4571,11
4572,11
4573,11
4574,11
4575,11
4576,11
4577,11
4578,11
4579,11
4580,11
4581,11
4582,11
4583,11
4584,11
4585,11
4586,11
4587,11
4588,11
4589,11
4590,11
4591,11
4592,11
4593,11
4594,11
4595,11
4596,11
4597,11
4598,11
4599,11
4600,11
4601,11
4602,11
4603,11
4604,11
4605,11
4606,11
4607,11
4608,11
4609,11
4610,11
4611,11
4612,11
4613,11
4614,11
4615,11
4616,11
4617,11
4618,11
4619,11
4620,11
4621,11
4622,11
4623,11
4624,11
4625,11
4626,11
4627,11
4628,11
4629,11
4630,11
4631,11
4632,11
4633,11
4634,11
4635,11
4636,11
4637,11
4638,11
4639,11
4640,11
4641,11
4642,11
4643,11
4644,11
4645,11
4646,11
4647,11
4648,11
4649,11
4650,11
4651,11
4652,11
4653,11
4654,11
4655,11
4656,11
4657,11
4658,11
4659,11
4660,11
4661,11
4662,11
4663,11
4664,11
4665,11
4666,11
4667,11
4668,11
4669,11
4670,11
4671,11
4672,11
4673,11
4674,11
4675,11
4676,11
4677,11
4678,11
4679,11
4680,11
4681,11
4682,11
4683,11
4684,11
4685,11
4686,11
4687,11
4688,11
4689,11
4690,11
4691,11
4692,11
4693,11
4694,11
4695,11
4696,11
4697,11
4698,11
4699,11
4700,11
4701,11
4702,11
4703,11
4704,11
4705,11
4706,11
4707,11
4708,11
4709,11
4710,11
4711,11
4712,11
4713,11
4714,11
4715,11
4716,11
4717,11
4718,11
4719,11
4720,11
4721,11
4722,11
4723,11
4724,11
4725,11
4726,11
4727,11
4728,11
4729,11
4730,11
4731,11
4732,11
4733,11
4734,11
4735,11
4736,11
4737,11
4738,11
4739,11
4740,11
4741,11
4742,11
4743,11
4744,11
4745,11
4746,11
4747,11
4748,11
4749,11
4750,11
4751,11
4752,11
4753,11
4754,11
4755,11
4756,11
4757,11
4758,11
4759,11
4760,11
4761,11
4762,11
4763,11
4764,11
4765,11
4766,11
4767,11
4768,11
4769,11
4770,11
4771,11
4772,11
4773,11
4774,11
4775,11
4776,11
4777,11
4778,11
4779,11
4780,11
4781,11
4782,11
4783,11
4784,11
4785,11
4786,11
4787,11
4788,11
4789,11
4790,11
4791,11
4792,11
4793,11
4794,11
4795,11
4796,11
4797,11
4798,11
4799,11
4800,11
4801,11
4802,11
4803,11
4804,11
4805,11
4806,11
4807,11
4808,11
4809,11
4810,11
4811,11
4812,11
4813,11
4814,11
4815,11
4816,11
4817,11
4818,11
4819,11
4820,11
4821,11
4822,11
4823,11
4824,11
4825,11
4826,11
4827,11
4828,11
4829,11
4830,11
4831,11
4832,11
4833,11
4834,11
4835,11
4836,11
4837,11
4838,11
4839,11
4840,11
4841,11
4842,11
4843,11
4844,11
4845,11
4846,11
4847,11
4848,11
4849,11
4850,11
4851,11
4852,11
4853,11
4854,11
4855,11
4856,11
4857,11
4858,11
4859,11
4860,11
4861,11
4862,11
4863,11
4864,11
4865,11
4866,11
4867,11
4868,11
4869,11
4870,11
4871,11
4872,11
4873,11
4874,11
4875,11
4876,11
4877,11
4878,11
4879,11
4880,11
4881,11
4882,11
4883,11
4884,11
4885,11
4886,11
4887,11
4888,11
4889,11
4890,10
4891,10
4892,10
4893,10
4894,10
4895,10
4896,10
4897,10
4898,10
4899,10
4900,10
4901,10
4902,10
4903,10
4904,10
4905,10
4906,10
4907,10
4908,10
4909,10
4910,10
4911,10
4912,10
4913,10
4914,10
4915,10
4916,10
4917,10
4918,10
4919,10
4920,10
4921,10
4922,10
4923,10
4924,10
4925,10
4926,10
4927,10
4928,10
4929,10
4930,10
4931,10
4932,10
4933,10
4934,10
4935,10
4936,10
4937,10
4938,10
4939,10
4940,10
4941,10
4942,10
4943,10
4944,10
4945,10
4946,10
4947,10
4948,10
4949,10
4950,10
4951,10
4952,10
4953,10
4954,10
4955,10
4956,10
4957,10
4958,10
4959,10
4960,10
4961,10
4962,10
4963,10
4964,10
4965,10
4966,10
4967,10
4968,10
4969,10
4970,10
4971,10
4972,10
4973,10
4974,10
4975,10
4976,10
4977,10
4978,10
4979,10
4980,10
4981,10
4982,10
4983,10
4984,10
4985,10
4986,10
4987,10
4988,10
4989,10
4990,10
4991,10
4992,10
4993,10
4994,10
4995,10
4996,10
4997,10
4998,10
4999,10
5000,10
5001,10
5002,10
5003,10
5004,10
5005,10
5006,10
5007,10
5008,10
5009,10
5010,10
5011,10
5012,10
5013,10
5014,10
5015,10
5016,10
5017,10
5018,10
5019,10
5020,10
5021,10
5022,10
5023,10
5024,10
5025,10
5026,10
5027,10
5028,10
5029,10
5030,10
5031,10
5032,10
5033,10
5034,10
5035,10
5036,10
5037,10
5038,10
5039,10
5040,10
5041,10
5042,10
5043,10
5044,10
5045,10
5046,10
5047,10
5048,10
5049,10
5050,10
5051,10
5052,10
5053,10
5054,10
5055,10
5056,10
5057,10
5058,10
5059,10
5060,10
5061,10
5062,10
5063,10
5064,10
5065,10
5066,10
5067,10
5068,10
5069,10
5070,10
5071,10
5072,10
5073,10
5074,10
5075,10
5076,10
5077,10
5078,10
5079,10
5080,10
5081,10
5082,10
5083,10
5084,10
5085,10
5086,10
5087,10
5088,10
5089,10
5090,10
5091,10
5092,10
5093,10
5094,10
5095,10
5096,10
5097,10
5098,10
5099,10
5100,10
5101,10
5102,10
5103,10
5104,10
5105,10
5106,10
5107,10
5108,10
5109,10
5110,10
5111,10
5112,10
5113,10
5114,10
5115,10
5116,10
5117,10
5118,10
5119,10
5120,10
5121,10
5122,10
5123,10
5124,10
5125,10
5126,10
5127,10
5128,10
5129,10
5130,10
5131,10
5132,10
5133,10
5134,10
5135,10
5136,10
5137,10
5138,10
5139,10
5140,10
5141,10
5142,10
5143,10
5144,10
5145,10
5146,10
5147,10
5148,10
5149,10
5150,10
5151,10
5152,10
5153,10
5154,10
5155,10
5156,10
5157,10
5158,10
5159,10
5160,10
5161,10
5162,10
5163,10
5164,10
5165,10
5166,10
5167,10
5168,10
5169,10
5170,10
5171,10
5172,10
5173,10
5174,10
5175,10
5176,10
5177,10
5178,10
5179,10
5180,10
5181,10
5182,10
5183,10
5184,10
5185,10
5186,10
5187,10
5188,10
5189,10
5190,10
5191,10
5192,10
5193,10
5194,10
5195,10
5196,10
5197,10
5198,10
5199,10
5200,10
5201,10
5202,10
5203,10
5204,10
5205,10
5206,10
5207,10
5208,10
5209,10
5210,10
5211,10
5212,10
5213,10
5214,10
5215,10
5216,10
5217,10
5218,10
5219,10
5220,10
5221,10
5222,10
5223,10
5224,10
5225,10
5226,10
5227,10
5228,10
5229,10
5230,10
5231,10
5232,10
5233,10
5234,10
5235,10
5236,10
5237,10
5238,10
5239,10
5240,10
5241,10
5242,10
5243,10
5244,10
5245,10
5246,10
5247,10
5248,10
5249,10
5250,10
5251,10
5252,10
5253,10
5254,10
5255,10
5256,10
5257,10
5258,10
5259,10
5260,10
5261,10
5262,10
5263,10
5264,10
5265,10
5266,10
5267,10
5268,10
5269,10
5270,10
5271,10
5272,10
5273,10
5274,10
5275,10
5276,10
5277,10
5278,10
5279,10
5280,10
5281,10
5282,10
5283,10
5284,10
5285,10
5286,10
5287,10
5288,10
5289,10
5290,10
5291,10
5292,10
5293,10
5294,10
5295,10
5296,10
5297,10
5298,10
5299,10
5300,10
5301,10
5302,10
5303,10
5304,10
5305,10
5306,10
5307,10
5308,10
5309,10
5310,10
5311,10
5312,10
5313,10
5314,10
5315,10
5316,10
5317,10
5318,10
5319,10
5320,10
5321,10
5322,10
5323,10
5324,10
5325,10
5326,10
5327,10
5328,10
5329,10
5330,10
5331,10
5332,10
5333,10
5334,10
5335,10
5336,10
5337,10
5338,10
5339,10
5340,10
5341,10
5342,10
5343,10
5344,10
5345,10
5346,10
5347,10
5348,10
5349,10
5350,10
5351,10
5352,10
5353,10
5354,10
5355,10
5356,10
5357,10
5358,10
5359,10
5360,10
5361,10
5362,10
5363,10
5364,10
5365,10
5366,10
5367,10
5368,10
5369,10
5370,10
5371,10
5372,10
5373,10
5374,10
5375,10
5376,10
5377,10
5378,10
5379,10
5380,10
5381,10
5382,10
5383,10
5384,10
5385,10
5386,10
5387,10
5388,10
5389,10
5390,10
5391,10
5392,10
5393,10
5394,10
5395,10
5396,10
5397,10
5398,10
5399,10
5400,10
5401,10
5402,10
5403,10
5404,10
5405,10
5406,10
5407,10
5408,10
5409,10
5410,10
5411,10
5412,10
5413,10
5414,10
5415,10
5416,10
5417,10
5418,10
5419,10
5420,10
5421,10
5422,10
5423,10
5424,10
5425,10
5426,10
5427,10
5428,10
5429,10
5430,10
5431,10
5432,10
5433,10
5434,10
5435,10
5436,10
5437,10
5438,10
5439,10
5440,10
5441,10
5442,10
5443,10
5444,10
5445,10
5446,10
5447,10
5448,10
5449,10
5450,10
5451,10
5452,10
5453,10
5454,10
5455,10
5456,10
5457,10
5458,10
5459,10
5460,10
5461,10
5462,10
5463,10
5464,10
5465,10
5466,10
5467,10
5468,10
5469,10
5470,10
5471,10
5472,10
5473,10
5474,10
5475,10
5476,10
5477,10
5478,10
5479,10
5480,10
5481,10
5482,10
5483,10
5484,10
5485,10
5486,10
5487,10
5488,10
5489,10
5490,10
5491,10
5492,10
5493,10
5494,10
5495,10
5496,10
5497,10
5498,10
5499,10
5500,10
5501,10
5502,10
5503,10
5504,10
5505,10
5506,10
5507,10
5508,10
5509,10
5510,10
5511,9
5512,9
5513,9
5514,9
5515,9
5516,9
5517,9
5518,9
5519,9
5520,9
5521,9
5522,9
5523,9
5524,9
5525,9
5526,9
5527,9
5528,9
5529,9
5530,9
5531,9
5532,9
5533,9
5534,9
5535,9
5536,9
5537,9
5538,9
5539,9
5540,9
5541,9
5542,9
5543,9
5544,9
5545,9
5546,9
5547,9
5548,9
5549,9
5550,9
5551,9
5552,9
5553,9
5554,9
5555,9
5556,9
5557,9
5558,9
5559,9
5560,9
5561,9
5562,9
5563,9
5564,9
5565,9
5566,9
5567,9
5568,9
5569,9
5570,9
5571,9
5572,9
5573,9
5574,9
5575,9
5576,9
5577,9
5578,9
5579,9
5580,9
5581,9
5582,9
5583,9
5584,9
5585,9
5586,9
5587,9
5588,9
5589,9
5590,9
5591,9
5592,9
5593,9
5594,9
5595,9
5596,9
5597,9
5598,9
5599,9
5600,9
5601,9
5602,9
5603,9
5604,9
5605,9
5606,9
5607,9
5608,9
5609,9
5610,9
5611,9
5612,9
5613,9
5614,9
5615,9
5616,9
5617,9
5618,9
5619,9
5620,9
5621,9
5622,9
5623,9
5624,9
5625,9
5626,9
5627,9
5628,9
5629,9
5630,9
5631,9
5632,9
5633,9
5634,9
5635,9
5636,9
5637,9
5638,9
5639,9
5640,9
5641,9
5642,9
5643,9
5644,9
5645,9
5646,9
5647,9
5648,9
5649,9
5650,9
5651,9
5652,9
5653,9
5654,9
5655,9
5656,9
5657,9
5658,9
5659,9
5660,9
5661,9
5662,9
5663,9
5664,9
5665,9
5666,9
5667,9
5668,9
5669,9
5670,9
5671,9
5672,9
5673,9
5674,9
5675,9
5676,9
5677,9
5678,9
5679,9
5680,9
5681,9
5682,9
5683,9
5684,9
5685,9
5686,9
5687,9
5688,9
5689,9
5690,9
5691,9
5692,9
5693,9
5694,9
5695,9
5696,9
5697,9
5698,9
5699,9
5700,9
5701,9
5702,9
5703,9
5704,9
5705,9
5706,9
5707,9
5708,9
5709,9
5710,9
5711,9
5712,9
5713,9
5714,9
5715,9
5716,9
5717,9
5718,9
5719,9
5720,9
5721,9
5722,9
5723,9
5724,9
5725,9
5726,9
5727,9
5728,9
5729,9
5730,9
5731,9
5732,9
5733,9
5734,9
5735,9
5736,9
5737,9
5738,9
5739,9
5740,9
5741,9
5742,9
5743,9
5744,9
5745,9
5746,9
5747,9
5748,9
5749,9
5750,9
5751,9
5752,9
5753,9
5754,9
5755,9
5756,9
5757,9
5758,9
5759,9
5760,9
5761,9
5762,9
5763,9
5764,9
5765,9
5766,9
5767,9
5768,9
5769,9
5770,9
5771,9
5772,9
5773,9
5774,9
5775,9
5776,9
5777,9
5778,9
5779,9
5780,9
5781,9
5782,9
5783,9
5784,9
5785,9
5786,9
5787,9
5788,9
5789,9
5790,9
5791,9
5792,9
5793,9
5794,9
5795,9
5796,9
5797,9
5798,9
5799,9
5800,9
5801,9
5802,9
5803,9
5804,9
5805,9
5806,9
5807,9
5808,9
5809,9
5810,9
5811,9
5812,9
5813,9
5814,9
5815,9
5816,9
5817,9
5818,9
5819,9
5820,9
5821,9
5822,9
5823,9
5824,9
5825,9
5826,9
5827,9
5828,9
5829,9
5830,9
5831,9
5832,9
5833,9
5834,9
5835,9
5836,9
5837,9
5838,9
5839,9
5840,9
5841,9
5842,9
5843,9
5844,9
5845,9
5846,9
5847,9
5848,9
5849,9
5850,9
5851,9
5852,9
5853,9
5854,9
5855,9
5856,9
5857,9
5858,9
5859,9
5860,9
5861,9
5862,9
5863,9
5864,9
5865,9
5866,9
5867,9
5868,9
5869,9
5870,9
5871,9
5872,9
5873,9
5874,9
5875,9
5876,9
5877,9
5878,9
5879,9
5880,9
5881,9
5882,9
5883,9
5884,9
5885,9
5886,9
5887,9
5888,9
5889,9
5890,9
5891,9
5892,9
5893,9
5894,9
5895,9
5896,9
5897,9
5898,9
5899,9
5900,9
5901,9
5902,9
5903,9
5904,9
5905,9
5906,9
5907,9
5908,9
5909,9
5910,9
5911,9
5912,9
5913,9
5914,9
5915,9
5916,9
5917,9
5918,9
5919,9
5920,9
5921,9
5922,9
5923,9
5924,9
5925,9
5926,9
5927,9
5928,9
5929,9
5930,9
5931,9
5932,9
5933,9
5934,9
5935,9
5936,9
5937,9
5938,9
5939,9
5940,9
5941,9
5942,9
5943,9
5944,9
5945,9
5946,9
5947,9
5948,9
5949,9
5950,9
5951,9
5952,9
5953,9
5954,9
5955,9
5956,9
5957,9
5958,9
5959,9
5960,9
5961,9
5962,9
5963,9
5964,9
5965,9
5966,9
5967,9
5968,9
5969,9
5970,9
5971,9
5972,9
5973,9
5974,9
5975,9
5976,9
5977,9
5978,9
5979,9
5980,9
5981,9
5982,9
5983,9
5984,9
5985,9
5986,9
5987,9
5988,9
5989,9
5990,9
5991,9
5992,9
5993,9
5994,9
5995,9
5996,9
5997,9
5998,9
5999,9
6000,9
6001,9
6002,9
6003,9
6004,9
6005,9
6006,9
6007,9
6008,9
6009,9
6010,9
6011,9
6012,9
6013,9
6014,9
6015,9
6016,9
6017,9
6018,9
6019,9
6020,9
6021,9
6022,9
6023,9
6024,9
6025,9
6026,9
6027,9
6028,9
6029,9
6030,9
6031,9
6032,9
6033,9
6034,9
6035,9
6036,9
6037,9
6038,9
6039,9
6040,9
6041,9
6042,9
6043,9
6044,9
6045,9
6046,9
6047,9
6048,9
6049,9
6050,9
6051,9
6052,9
6053,9
6054,9
6055,9
6056,9
6057,9
6058,9
6059,9
6060,9
6061,9
6062,9
6063,9
6064,9
6065,9
6066,9
6067,9
6068,9
6069,9
6070,9
6071,9
6072,9
6073,9
6074,9
6075,9
6076,9
6077,9
6078,9
6079,9
6080,9
6081,9
6082,9
6083,9
6084,9
6085,9
6086,9
6087,9
6088,9
6089,9
6090,9
6091,9
6092,9
6093,9
6094,9
6095,9
6096,9
6097,9
6098,9
6099,9
6100,9
6101,9
6102,9
6103,9
6104,9
6105,9
6106,9
6107,9
6108,9
6109,9
6110,9
6111,9
6112,9
6113,9
6114,9
6115,9
6116,9
6117,9
6118,9
6119,9
6120,9
6121,9
6122,9
6123,9
6124,9
6125,9
6126,9
6127,9
6128,9
6129,9
6130,9
6131,9
6132,9
6133,9
6134,9
6135,9
6136,9
6137,9
6138,9
6139,9
6140,9
6141,9
6142,9
6143,9
6144,9
6145,9
6146,9
6147,9
6148,9
6149,9
6150,9
6151,9
6152,9
6153,9
6154,9
6155,9
6156,9
6157,9
6158,9
6159,9
6160,9
6161,9
6162,9
6163,9
6164,9
6165,9
6166,9
6167,9
6168,9
6169,9
6170,9
6171,9
6172,9
6173,9
6174,9
6175,9
6176,9
6177,9
6178,9
6179,9
6180,9
6181,9
6182,9
6183,9
6184,9
6185,9
6186,9
6187,9
6188,9
6189,9
6190,9
6191,9
6192,9
6193,9
6194,9
6195,8
6196,8
6197,8
6198,8
6199,8
6200,8
6201,8
6202,8
6203,8
6204,8
6205,8
6206,8
6207,8
6208,8
6209,8
6210,8
6211,8
6212,8
6213,8
6214,8
6215,8
6216,8
6217,8
6218,8
6219,8
6220,8
6221,8
6222,8
6223,8
6224,8
6225,8
6226,8
6227,8
6228,8
6229,8
6230,8
6231,8
6232,8
6233,8
6234,8
6235,8
6236,8
6237,8
6238,8
6239,8
6240,8
6241,8
6242,8
6243,8
6244,8
6245,8
6246,8
6247,8
6248,8
6249,8
6250,8
6251,8
6252,8
6253,8
6254,8
6255,8
6256,8
6257,8
6258,8
6259,8
6260,8
6261,8
6262,8
6263,8
6264,8
6265,8
6266,8
6267,8
6268,8
6269,8
6270,8
6271,8
6272,8
6273,8
6274,8
6275,8
6276,8
6277,8
6278,8
6279,8
6280,8
6281,8
6282,8
6283,8
6284,8
6285,8
6286,8
6287,8
6288,8
6289,8
6290,8
6291,8
6292,8
6293,8
6294,8
6295,8
6296,8
6297,8
6298,8
6299,8
6300,8
6301,8
6302,8
6303,8
6304,8
6305,8
6306,8
6307,8
6308,8
6309,8
6310,8
6311,8
6312,8
6313,8
6314,8
6315,8
6316,8
6317,8
6318,8
6319,8
6320,8
6321,8
6322,8
6323,8
6324,8
6325,8
6326,8
6327,8
6328,8
6329,8
6330,8
6331,8
6332,8
6333,8
6334,8
6335,8
6336,8
6337,8
6338,8
6339,8
6340,8
6341,8
6342,8
6343,8
6344,8
6345,8
6346,8
6347,8
6348,8
6349,8
6350,8
6351,8
6352,8
6353,8
6354,8
6355,8
6356,8
6357,8
6358,8
6359,8
6360,8
6361,8
6362,8
6363,8
6364,8
6365,8
6366,8
6367,8
6368,8
6369,8
6370,8
6371,8
6372,8
6373,8
6374,8
6375,8
6376,8
6377,8
6378,8
6379,8
6380,8
6381,8
6382,8
6383,8
6384,8
6385,8
6386,8
6387,8
6388,8
6389,8
6390,8
6391,8
6392,8
6393,8
6394,8
6395,8
6396,8
6397,8
6398,8
6399,8
6400,8
6401,8
6402,8
6403,8
6404,8
6405,8
6406,8
6407,8
6408,8
6409,8
6410,8
6411,8
6412,8
6413,8
6414,8
6415,8
6416,8
6417,8
6418,8
6419,8
6420,8
6421,8
6422,8
6423,8
6424,8
6425,8
6426,8
6427,8
6428,8
6429,8
6430,8
6431,8
6432,8
6433,8
6434,8
6435,8
6436,8
6437,8
6438,8
6439,8
6440,8
6441,8
6442,8
6443,8
6444,8
6445,8
6446,8
6447,8
6448,8
6449,8
6450,8
6451,8
6452,8
6453,8
6454,8
6455,8
6456,8
6457,8
6458,8
6459,8
6460,8
6461,8
6462,8
6463,8
6464,8
6465,8
6466,8
6467,8
6468,8
6469,8
6470,8
6471,8
6472,8
6473,8
6474,8
6475,8
6476,8
6477,8
6478,8
6479,8
6480,8
6481,8
6482,8
6483,8
6484,8
6485,8
6486,8
6487,8
6488,8
6489,8
6490,8
6491,8
6492,8
6493,8
6494,8
6495,8
6496,8
6497,8
6498,8
6499,8
6500,8
6501,8
6502,8
6503,8
6504,8
6505,8
6506,8
6507,8
6508,8
6509,8
6510,8
6511,8
6512,8
6513,8
6514,8
6515,8
6516,8
6517,8
6518,8
6519,8
6520,8
6521,8
6522,8
6523,8
6524,8
6525,8
6526,8
6527,8
6528,8
6529,8
6530,8
6531,8
6532,8
6533,8
6534,8
6535,8
6536,8
6537,8
6538,8
6539,8
6540,8
6541,8
6542,8
6543,8
6544,8
6545,8
6546,8
6547,8
6548,8
6549,8
6550,8
6551,8
6552,8
6553,8
6554,8
6555,8
6556,8
6557,8
6558,8
6559,8
6560,8
6561,8
6562,8
6563,8
6564,8
6565,8
6566,8
6567,8
6568,8
6569,8
6570,8
6571,8
6572,8
6573,8
6574,8
6575,8
6576,8
6577,8
6578,8
6579,8
6580,8
6581,8
6582,8
6583,8
6584,8
6585,8
6586,8
6587,8
6588,8
6589,8
6590,8
6591,8
6592,8
6593,8
6594,8
6595,8
6596,8
6597,8
6598,8
6599,8
6600,8
6601,8
6602,8
6603,8
6604,8
6605,8
6606,8
6607,8
6608,8
6609,8
6610,8
6611,8
6612,8
6613,8
6614,8
6615,8
6616,8
6617,8
6618,8
6619,8
6620,8
6621,8
6622,8
6623,8
6624,8
6625,8
6626,8
6627,8
6628,8
6629,8
6630,8
6631,8
6632,8
6633,8
6634,8
6635,8
6636,8
6637,8
6638,8
6639,8
6640,8
6641,8
6642,8
6643,8
6644,8
6645,8
6646,8
6647,8
6648,8
6649,8
6650,8
6651,8
6652,8
6653,8
6654,8
6655,8
6656,8
6657,8
6658,8
6659,8
6660,8
6661,8
6662,8
6663,8
6664,8
6665,8
6666,8
6667,8
6668,8
6669,8
6670,8
6671,8
6672,8
6673,8
6674,8
6675,8
6676,8
6677,8
6678,8
6679,8
6680,8
6681,8
6682,8
6683,8
6684,8
6685,8
6686,8
6687,8
6688,8
6689,8
6690,8
6691,8
6692,8
6693,8
6694,8
6695,8
6696,8
6697,8
6698,8
6699,8
6700,8
6701,8
6702,8
6703,8
6704,8
6705,8
6706,8
6707,8
6708,8
6709,8
6710,8
6711,8
6712,8
6713,8
6714,8
6715,8
6716,8
6717,8
6718,8
6719,8
6720,8
6721,8
6722,8
6723,8
6724,8
6725,8
6726,8
6727,8
6728,8
6729,8
6730,8
6731,8
6732,8
6733,8
6734,8
6735,8
6736,8
6737,8
6738,8
6739,8
6740,8
6741,8
6742,8
6743,8
6744,8
6745,8
6746,8
6747,8
6748,8
6749,8
6750,8
6751,8
6752,8
6753,8
6754,8
6755,8
6756,8
6757,8
6758,8
6759,8
6760,8
6761,8
6762,8
6763,8
6764,8
6765,8
6766,8
6767,8
6768,8
6769,8
6770,8
6771,8
6772,8
6773,8
6774,8
6775,8
6776,8
6777,8
6778,8
6779,8
6780,8
6781,8
6782,8
6783,8
6784,8
6785,8
6786,8
6787,8
6788,8
6789,8
6790,8
6791,8
6792,8
6793,8
6794,8
6795,8
6796,8
6797,8
6798,8
6799,8
6800,8
6801,8
6802,8
6803,8
6804,8
6805,8
6806,8
6807,8
6808,8
6809,8
6810,8
6811,8
6812,8
6813,8
6814,8
6815,8
6816,8
6817,8
6818,8
6819,8
6820,8
6821,8
6822,8
6823,8
6824,8
6825,8
6826,8
6827,8
6828,8
6829,8
6830,8
6831,8
6832,8
6833,8
6834,8
6835,8
6836,8
6837,8
6838,8
6839,8
6840,8
6841,8
6842,8
6843,8
6844,8
6845,8
6846,8
6847,8
6848,8
6849,8
6850,8
6851,8
6852,8
6853,8
6854,8
6855,8
6856,8
6857,8
6858,8
6859,8
6860,8
6861,8
6862,8
6863,8
6864,8
6865,8
6866,8
6867,8
6868,8
6869,8
6870,8
6871,8
6872,8
6873,8
6874,8
6875,8
6876,8
6877,8
6878,8
6879,8
6880,8
6881,8
6882,8
6883,8
6884,8
6885,8
6886,8
6887,8
6888,8
6889,8
6890,8
6891,8
6892,8
6893,8
6894,8
6895,8
6896,8
6897,8
6898,8
6899,8
6900,8
6901,8
6902,8
6903,8
6904,8
6905,8
6906,8
6907,8
6908,8
6909,8
6910,8
6911,8
6912,8
6913,8
6914,8
6915,8
6916,8
6917,8
6918,8
6919,8
6920,8
6921,8
6922,8
6923,8
6924,8
6925,8
6926,8
6927,8
6928,8
6929,8
6930,8
6931,8
6932,8
6933,8
6934,8
6935,8
6936,8
6937,8
6938,8
6939,8
6940,8
6941,8
6942,8
6943,8
6944,8
6945,8
6946,8
6947,8
6948,8
6949,8
6950,8
6951,8
6952,8
6953,8
6954,8
6955,8
6956,8
6957,8
6958,8
6959,8
6960,8
6961,8
6962,8
6963,8
6964,8
6965,8
6966,8
6967,8
6968,8
6969,8
6970,8
6971,8
6972,8
6973,8
6974,8
6975,8
6976,8
6977,8
6978,8
6979,8
6980,8
6981,8
6982,8
6983,8
6984,8
6985,8
6986,8
6987,8
6988,8
6989,8
6990,8
6991,8
6992,8
6993,8
6994,8
6995,8
6996,8
6997,8
6998,8
6999,8
7000,8
7001,8
7002,8
7003,8
7004,8
7005,8
7006,8
7007,8
7008,8
7009,8
7010,8
7011,8
7012,8
7013,8
7014,8
7015,8
7016,8
7017,8
7018,8
7019,8
7020,8
7021,8
7022,8
7023,8
7024,8
7025,8
7026,8
7027,8
7028,8
7029,8
7030,8
7031,8
7032,8
7033,8
7034,8
7035,8
7036,8
7037,8
7038,8
7039,8
7040,8
7041,8
7042,8
7043,8
7044,8
7045,8
7046,8
7047,8
7048,8
7049,8
7050,8
7051,8
7052,8
7053,8
7054,8
7055,8
7056,8
7057,8
7058,8
7059,8
7060,8
7061,8
7062,8
7063,8
7064,8
7065,8
7066,8
7067,8
7068,8
7069,8
7070,8
7071,8
7072,8
7073,8
7074,8
7075,8
7076,8
7077,8
7078,8
7079,8
7080,8
7081,8
7082,8
7083,8
7084,8
7085,8
7086,8
7087,8
7088,8
7089,8
7090,8
7091,8
7092,8
7093,8
7094,8
7095,8
7096,8
7097,8
7098,8
7099,8
7100,8
7101,8
7102,8
7103,8
7104,8
7105,8
7106,8
7107,8
7108,8
7109,8
7110,8
7111,8
7112,8
7113,8
7114,8
7115,8
7116,8
7117,8
7118,8
7119,8
7120,8
7121,8
7122,8
7123,8
7124,8
7125,8
7126,8
7127,8
7128,8
7129,8
7130,7
7131,7
7132,7
7133,7
7134,7
7135,7
7136,7
7137,7
7138,7
7139,7
7140,7
7141,7
7142,7
7143,7
7144,7
7145,7
7146,7
7147,7
7148,7
7149,7
7150,7
7151,7
7152,7
7153,7
7154,7
7155,7
7156,7
7157,7
7158,7
7159,7
7160,7
7161,7
7162,7
7163,7
7164,7
7165,7
7166,7
7167,7
7168,7
7169,7
7170,7
7171,7
7172,7
7173,7
7174,7
7175,7
7176,7
7177,7
7178,7
7179,7
7180,7
7181,7
7182,7
7183,7
7184,7
7185,7
7186,7
7187,7
7188,7
7189,7
7190,7
7191,7
7192,7
7193,7
7194,7
7195,7
7196,7
7197,7
7198,7
7199,7
7200,7
7201,7
7202,7
7203,7
7204,7
7205,7
7206,7
7207,7
7208,7
7209,7
7210,7
7211,7
7212,7
7213,7
7214,7
7215,7
7216,7
7217,7
7218,7
7219,7
7220,7
7221,7
7222,7
7223,7
7224,7
7225,7
7226,7
7227,7
7228,7
7229,7
7230,7
7231,7
7232,7
7233,7
7234,7
7235,7
7236,7
7237,7
7238,7
7239,7
7240,7
7241,7
7242,7
7243,7
7244,7
7245,7
7246,7
7247,7
7248,7
7249,7
7250,7
7251,7
7252,7
7253,7
7254,7
7255,7
7256,7
7257,7
7258,7
7259,7
7260,7
7261,7
7262,7
7263,7
7264,7
7265,7
7266,7
7267,7
7268,7
7269,7
7270,7
7271,7
7272,7
7273,7
7274,7
7275,7
7276,7
7277,7
7278,7
7279,7
7280,7
7281,7
7282,7
7283,7
7284,7
7285,7
7286,7
7287,7
7288,7
7289,7
7290,7
7291,7
7292,7
7293,7
7294,7
7295,7
7296,7
7297,7
7298,7
7299,7
7300,7
7301,7
7302,7
7303,7
7304,7
7305,7
7306,7
7307,7
7308,7
7309,7
7310,7
7311,7
7312,7
7313,7
7314,7
7315,7
7316,7
7317,7
7318,7
7319,7
7320,7
7321,7
7322,7
7323,7
7324,7
7325,7
7326,7
7327,7
7328,7
7329,7
7330,7
7331,7
7332,7
7333,7
7334,7
7335,7
7336,7
7337,7
7338,7
7339,7
7340,7
7341,7
7342,7
7343,7
7344,7
7345,7
7346,7
7347,7
7348,7
7349,7
7350,7
7351,7
7352,7
7353,7
7354,7
7355,7
7356,7
7357,7
7358,7
7359,7
7360,7
7361,7
7362,7
7363,7
7364,7
7365,7
7366,7
7367,7
7368,7
7369,7
7370,7
7371,7
7372,7
7373,7
7374,7
7375,7
7376,7
7377,7
7378,7
7379,7
7380,7
7381,7
7382,7
7383,7
7384,7
7385,7
7386,7
7387,7
7388,7
7389,7
7390,7
7391,7
7392,7
7393,7
7394,7
7395,7
7396,7
7397,7
7398,7
7399,7
7400,7
7401,7
7402,7
7403,7
7404,7
7405,7
7406,7
7407,7
7408,7
7409,7
7410,7
7411,7
7412,7
7413,7
7414,7
7415,7
7416,7
7417,7
7418,7
7419,7
7420,7
7421,7
7422,7
7423,7
7424,7
7425,7
7426,7
7427,7
7428,7
7429,7
7430,7
7431,7
7432,7
7433,7
7434,7
7435,7
7436,7
7437,7
7438,7
7439,7
7440,7
7441,7
7442,7
7443,7
7444,7
7445,7
7446,7
7447,7
7448,7
7449,7
7450,7
7451,7
7452,7
7453,7
7454,7
7455,7
7456,7
7457,7
7458,7
7459,7
7460,7
7461,7
7462,7
7463,7
7464,7
7465,7
7466,7
7467,7
7468,7
7469,7
7470,7
7471,7
7472,7
7473,7
7474,7
7475,7
7476,7
7477,7
7478,7
7479,7
7480,7
7481,7
7482,7
7483,7
7484,7
7485,7
7486,7
7487,7
7488,7
7489,7
7490,7
7491,7
7492,7
7493,7
7494,7
7495,7
7496,7
7497,7
7498,7
7499,7
7500,7
7501,7
7502,7
7503,7
7504,7
7505,7
7506,7
7507,7
7508,7
7509,7
7510,7
7511,7
7512,7
7513,7
7514,7
7515,7
7516,7
7517,7
7518,7
7519,7
7520,7
7521,7
7522,7
7523,7
7524,7
7525,7
7526,7
7527,7
7528,7
7529,7
7530,7
7531,7
7532,7
7533,7
7534,7
7535,7
7536,7
7537,7
7538,7
7539,7
7540,7
7541,7
7542,7
7543,7
7544,7
7545,7
7546,7
7547,7
7548,7
7549,7
7550,7
7551,7
7552,7
7553,7
7554,7
7555,7
7556,7
7557,7
7558,7
7559,7
7560,7
7561,7
7562,7
7563,7
7564,7
7565,7
7566,7
7567,7
7568,7
7569,7
7570,7
7571,7
7572,7
7573,7
7574,7
7575,7
7576,7
7577,7
7578,7
7579,7
7580,7
7581,7
7582,7
7583,7
7584,7
7585,7
7586,7
7587,7
7588,7
7589,7
7590,7
7591,7
7592,7
7593,7
7594,7
7595,7
7596,7
7597,7
7598,7
7599,7
7600,7
7601,7
7602,7
7603,7
7604,7
7605,7
7606,7
7607,7
7608,7
7609,7
7610,7
7611,7
7612,7
7613,7
7614,7
7615,7
7616,7
7617,7
7618,7
7619,7
7620,7
7621,7
7622,7
7623,7
7624,7
7625,7
7626,7
7627,7
7628,7
7629,7
7630,7
7631,7
7632,7
7633,7
7634,7
7635,7
7636,7
7637,7
7638,7
7639,7
7640,7
7641,7
7642,7
7643,7
7644,7
7645,7
7646,7
7647,7
7648,7
7649,7
7650,7
7651,7
7652,7
7653,7
7654,7
7655,7
7656,7
7657,7
7658,7
7659,7
7660,7
7661,7
7662,7
7663,7
7664,7
7665,7
7666,7
7667,7
7668,7
7669,7
7670,7
7671,7
7672,7
7673,7
7674,7
7675,7
7676,7
7677,7
7678,7
7679,7
7680,7
7681,7
7682,7
7683,7
7684,7
7685,7
7686,7
7687,7
7688,7
7689,7
7690,7
7691,7
7692,7
7693,7
7694,7
7695,7
7696,7
7697,7
7698,7
7699,7
7700,7
7701,7
7702,7
7703,7
7704,7
7705,7
7706,7
7707,7
7708,7
7709,7
7710,7
7711,7
7712,7
7713,7
7714,7
7715,7
7716,7
7717,7
7718,7
7719,7
7720,7
7721,7
7722,7
7723,7
7724,7
7725,7
7726,7
7727,7
7728,7
7729,7
7730,7
7731,7
7732,7
7733,7
7734,7
7735,7
7736,7
7737,7
7738,7
7739,7
7740,7
7741,7
7742,7
7743,7
7744,7
7745,7
7746,7
7747,7
7748,7
7749,7
7750,7
7751,7
7752,7
7753,7
7754,7
7755,7
7756,7
7757,7
7758,7
7759,7
7760,7
7761,7
7762,7
7763,7
7764,7
7765,7
7766,7
7767,7
7768,7
7769,7
7770,7
7771,7
7772,7
7773,7
7774,7
7775,7
7776,7
7777,7
7778,7
7779,7
7780,7
7781,7
7782,7
7783,7
7784,7
7785,7
7786,7
7787,7
7788,7
7789,7
7790,7
7791,7
7792,7
7793,7
7794,7
7795,7
7796,7
7797,7
7798,7
7799,7
7800,7
7801,7
7802,7
7803,7
7804,7
7805,7
7806,7
7807,7
7808,7
7809,7
7810,7
7811,7
7812,7
7813,7
7814,7
7815,7
7816,7
7817,7
7818,7
7819,7
7820,7
7821,7
7822,7
7823,7
7824,7
7825,7
7826,7
7827,7
7828,7
7829,7
7830,7
7831,7
7832,7
7833,7
7834,7
7835,7
7836,7
7837,7
7838,7
7839,7
7840,7
7841,7
7842,7
7843,7
7844,7
7845,7
7846,7
7847,7
7848,7
7849,7
7850,7
7851,7
7852,7
7853,7
7854,7
7855,7
7856,7
7857,7
7858,7
7859,7
7860,7
7861,7
7862,7
7863,7
7864,7
7865,7
7866,7
7867,7
7868,7
7869,7
7870,7
7871,7
7872,7
7873,7
7874,7
7875,7
7876,7
7877,7
7878,7
7879,7
7880,7
7881,7
7882,7
7883,7
7884,7
7885,7
7886,7
7887,7
7888,7
7889,7
7890,7
7891,7
7892,7
7893,7
7894,7
7895,7
7896,7
7897,7
7898,7
7899,7
7900,7
7901,7
7902,7
7903,7
7904,7
7905,7
7906,7
7907,7
7908,7
7909,7
7910,7
7911,7
7912,7
7913,7
7914,7
7915,7
7916,7
7917,7
7918,7
7919,7
7920,7
7921,7
7922,7
7923,7
7924,7
7925,7
7926,7
7927,7
7928,7
7929,7
7930,7
7931,7
7932,7
7933,7
7934,7
7935,7
7936,7
7937,7
7938,7
7939,7
7940,7
7941,7
7942,7
7943,7
7944,7
7945,7
7946,7
7947,7
7948,7
7949,7
7950,7
7951,7
7952,7
7953,7
7954,7
7955,7
7956,7
7957,7
7958,7
7959,7
7960,7
7961,7
7962,7
7963,7
7964,7
7965,7
7966,7
7967,7
7968,7
7969,7
7970,7
7971,7
7972,7
7973,7
7974,7
7975,7
7976,7
7977,7
7978,7
7979,7
7980,7
7981,7
7982,7
7983,7
7984,7
7985,7
7986,7
7987,7
7988,7
7989,7
7990,7
7991,7
7992,7
7993,7
7994,7
7995,7
7996,7
7997,7
7998,7
7999,7
8000,7
8001,7
8002,7
8003,7
8004,7
8005,7
8006,7
8007,7
8008,7
8009,7
8010,7
8011,7
8012,7
8013,7
8014,7
8015,7
8016,7
8017,7
8018,7
8019,7
8020,7
8021,7
8022,7
8023,7
8024,7
8025,7
8026,7
8027,7
8028,7
8029,7
8030,7
8031,7
8032,7
8033,7
8034,7
8035,7
8036,7
8037,7
8038,7
8039,7
8040,7
8041,7
8042,7
8043,7
8044,7
8045,7
8046,7
8047,7
8048,7
8049,7
8050,7
8051,7
8052,7
8053,7
8054,7
8055,7
8056,7
8057,7
8058,7
8059,7
8060,7
8061,7
8062,7
8063,7
8064,7
8065,7
8066,7
8067,7
8068,7
8069,7
8070,7
8071,7
8072,7
8073,7
8074,7
8075,7
8076,7
8077,7
8078,7
8079,7
8080,7
8081,7
8082,7
8083,7
8084,7
8085,7
8086,7
8087,7
8088,7
8089,7
8090,7
8091,7
8092,7
8093,7
8094,7
8095,7
8096,7
8097,7
8098,7
8099,7
8100,7
8101,7
8102,7
8103,7
8104,7
8105,7
8106,7
8107,7
8108,7
8109,7
8110,7
8111,7
8112,7
8113,7
8114,7
8115,7
8116,7
8117,7
8118,7
8119,7
8120,7
8121,7
8122,7
8123,7
8124,7
8125,7
8126,7
8127,7
8128,7
8129,7
8130,7
8131,7
8132,7
8133,7
8134,7
8135,7
8136,7
8137,7
8138,7
8139,7
8140,7
8141,7
8142,7
8143,7
8144,7
8145,7
8146,7
8147,7
8148,7
8149,7
8150,7
8151,7
8152,7
8153,7
8154,7
8155,7
8156,7
8157,7
8158,7
8159,7
8160,7
8161,7
8162,7
8163,7
8164,7
8165,7
8166,7
8167,7
8168,7
8169,7
8170,7
8171,7
8172,7
8173,7
8174,7
8175,7
8176,7
8177,7
8178,7
8179,7
8180,7
8181,7
8182,7
8183,7
8184,7
8185,7
8186,7
8187,7
8188,7
8189,7
8190,7
8191,7
8192,7
8193,7
8194,7
8195,7
8196,7
8197,7
8198,7
8199,7
8200,7
8201,7
8202,7
8203,7
8204,7
8205,7
8206,7
8207,7
8208,7
8209,7
8210,7
8211,7
8212,7
8213,7
8214,7
8215,7
8216,7
8217,7
8218,7
8219,7
8220,7
8221,7
8222,7
8223,7
8224,7
8225,7
8226,7
8227,7
8228,7
8229,7
8230,7
8231,7
8232,7
8233,7
8234,7
8235,7
8236,7
8237,7
8238,7
8239,7
8240,7
8241,7
8242,7
8243,7
8244,7
8245,7
8246,7
8247,7
8248,7
8249,7
8250,7
8251,7
8252,7
8253,7
8254,7
8255,7
8256,7
8257,7
8258,7
8259,7
8260,7
8261,7
8262,7
8263,7
8264,7
8265,7
8266,7
8267,7
8268,7
8269,6
8270,6
8271,6
8272,6
8273,6
8274,6
8275,6
8276,6
8277,6
8278,6
8279,6
8280,6
8281,6
8282,6
8283,6
8284,6
8285,6
8286,6
8287,6
8288,6
8289,6
8290,6
8291,6
8292,6
8293,6
8294,6
8295,6
8296,6
8297,6
8298,6
8299,6
8300,6
8301,6
8302,6
8303,6
8304,6
8305,6
8306,6
8307,6
8308,6
8309,6
8310,6
8311,6
8312,6
8313,6
8314,6
8315,6
8316,6
8317,6
8318,6
8319,6
8320,6
8321,6
8322,6
8323,6
8324,6
8325,6
8326,6
8327,6
8328,6
8329,6
8330,6
8331,6
8332,6
8333,6
8334,6
8335,6
8336,6
8337,6
8338,6
8339,6
8340,6
8341,6
8342,6
8343,6
8344,6
8345,6
8346,6
8347,6
8348,6
8349,6
8350,6
8351,6
8352,6
8353,6
8354,6
8355,6
8356,6
8357,6
8358,6
8359,6
8360,6
8361,6
8362,6
8363,6
8364,6
8365,6
8366,6
8367,6
8368,6
8369,6
8370,6
8371,6
8372,6
8373,6
8374,6
8375,6
8376,6
8377,6
8378,6
8379,6
8380,6
8381,6
8382,6
8383,6
8384,6
8385,6
8386,6
8387,6
8388,6
8389,6
8390,6
8391,6
8392,6
8393,6
8394,6
8395,6
8396,6
8397,6
8398,6
8399,6
8400,6
8401,6
8402,6
8403,6
8404,6
8405,6
8406,6
8407,6
8408,6
8409,6
8410,6
8411,6
8412,6
8413,6
8414,6
8415,6
8416,6
8417,6
8418,6
8419,6
8420,6
8421,6
8422,6
8423,6
8424,6
8425,6
8426,6
8427,6
8428,6
8429,6
8430,6
8431,6
8432,6
8433,6
8434,6
8435,6
8436,6
8437,6
8438,6
8439,6
8440,6
8441,6
8442,6
8443,6
8444,6
8445,6
8446,6
8447,6
8448,6
8449,6
8450,6
8451,6
8452,6
8453,6
8454,6
8455,6
8456,6
8457,6
8458,6
8459,6
8460,6
8461,6
8462,6
8463,6
8464,6
8465,6
8466,6
8467,6
8468,6
8469,6
8470,6
8471,6
8472,6
8473,6
8474,6
8475,6
8476,6
8477,6
8478,6
8479,6
8480,6
8481,6
8482,6
8483,6
8484,6
8485,6
8486,6
8487,6
8488,6
8489,6
8490,6
8491,6
8492,6
8493,6
8494,6
8495,6
8496,6
8497,6
8498,6
8499,6
8500,6
8501,6
8502,6
8503,6
8504,6
8505,6
8506,6
8507,6
8508,6
8509,6
8510,6
8511,6
8512,6
8513,6
8514,6
8515,6
8516,6
8517,6
8518,6
8519,6
8520,6
8521,6
8522,6
8523,6
8524,6
8525,6
8526,6
8527,6
8528,6
8529,6
8530,6
8531,6
8532,6
8533,6
8534,6
8535,6
8536,6
8537,6
8538,6
8539,6
8540,6
8541,6
8542,6
8543,6
8544,6
8545,6
8546,6
8547,6
8548,6
8549,6
8550,6
8551,6
8552,6
8553,6
8554,6
8555,6
8556,6
8557,6
8558,6
8559,6
8560,6
8561,6
8562,6
8563,6
8564,6
8565,6
8566,6
8567,6
8568,6
8569,6
8570,6
8571,6
8572,6
8573,6
8574,6
8575,6
8576,6
8577,6
8578,6
8579,6
8580,6
8581,6
8582,6
8583,6
8584,6
8585,6
8586,6
8587,6
8588,6
8589,6
8590,6
8591,6
8592,6
8593,6
8594,6
8595,6
8596,6
8597,6
8598,6
8599,6
8600,6
8601,6
8602,6
8603,6
8604,6
8605,6
8606,6
8607,6
8608,6
8609,6
8610,6
8611,6
8612,6
8613,6
8614,6
8615,6
8616,6
8617,6
8618,6
8619,6
8620,6
8621,6
8622,6
8623,6
8624,6
8625,6
8626,6
8627,6
8628,6
8629,6
8630,6
8631,6
8632,6
8633,6
8634,6
8635,6
8636,6
8637,6
8638,6
8639,6
8640,6
8641,6
8642,6
8643,6
8644,6
8645,6
8646,6
8647,6
8648,6
8649,6
8650,6
8651,6
8652,6
8653,6
8654,6
8655,6
8656,6
8657,6
8658,6
8659,6
8660,6
8661,6
8662,6
8663,6
8664,6
8665,6
8666,6
8667,6
8668,6
8669,6
8670,6
8671,6
8672,6
8673,6
8674,6
8675,6
8676,6
8677,6
8678,6
8679,6
8680,6
8681,6
8682,6
8683,6
8684,6
8685,6
8686,6
8687,6
8688,6
8689,6
8690,6
8691,6
8692,6
8693,6
8694,6
8695,6
8696,6
8697,6
8698,6
8699,6
8700,6
8701,6
8702,6
8703,6
8704,6
8705,6
8706,6
8707,6
8708,6
8709,6
8710,6
8711,6
8712,6
8713,6
8714,6
8715,6
8716,6
8717,6
8718,6
8719,6
8720,6
8721,6
8722,6
8723,6
8724,6
8725,6
8726,6
8727,6
8728,6
8729,6
8730,6
8731,6
8732,6
8733,6
8734,6
8735,6
8736,6
8737,6
8738,6
8739,6
8740,6
8741,6
8742,6
8743,6
8744,6
8745,6
8746,6
8747,6
8748,6
8749,6
8750,6
8751,6
8752,6
8753,6
8754,6
8755,6
8756,6
8757,6
8758,6
8759,6
8760,6
8761,6
8762,6
8763,6
8764,6
8765,6
8766,6
8767,6
8768,6
8769,6
8770,6
8771,6
8772,6
8773,6
8774,6
8775,6
8776,6
8777,6
8778,6
8779,6
8780,6
8781,6
8782,6
8783,6
8784,6
8785,6
8786,6
8787,6
8788,6
8789,6
8790,6
8791,6
8792,6
8793,6
8794,6
8795,6
8796,6
8797,6
8798,6
8799,6
8800,6
8801,6
8802,6
8803,6
8804,6
8805,6
8806,6
8807,6
8808,6
8809,6
8810,6
8811,6
8812,6
8813,6
8814,6
8815,6
8816,6
8817,6
8818,6
8819,6
8820,6
8821,6
8822,6
8823,6
8824,6
8825,6
8826,6
8827,6
8828,6
8829,6
8830,6
8831,6
8832,6
8833,6
8834,6
8835,6
8836,6
8837,6
8838,6
8839,6
8840,6
8841,6
8842,6
8843,6
8844,6
8845,6
8846,6
8847,6
8848,6
8849,6
8850,6
8851,6
8852,6
8853,6
8854,6
8855,6
8856,6
8857,6
8858,6
8859,6
8860,6
8861,6
8862,6
8863,6
8864,6
8865,6
8866,6
8867,6
8868,6
8869,6
8870,6
8871,6
8872,6
8873,6
8874,6
8875,6
8876,6
8877,6
8878,6
8879,6
8880,6
8881,6
8882,6
8883,6
8884,6
8885,6
8886,6
8887,6
8888,6
8889,6
8890,6
8891,6
8892,6
8893,6
8894,6
8895,6
8896,6
8897,6
8898,6
8899,6
8900,6
8901,6
8902,6
8903,6
8904,6
8905,6
8906,6
8907,6
8908,6
8909,6
8910,6
8911,6
8912,6
8913,6
8914,6
8915,6
8916,6
8917,6
8918,6
8919,6
8920,6
8921,6
8922,6
8923,6
8924,6
8925,6
8926,6
8927,6
8928,6
8929,6
8930,6
8931,6
8932,6
8933,6
8934,6
8935,6
8936,6
8937,6
8938,6
8939,6
8940,6
8941,6
8942,6
8943,6
8944,6
8945,6
8946,6
8947,6
8948,6
8949,6
8950,6
8951,6
8952,6
8953,6
8954,6
8955,6
8956,6
8957,6
8958,6
8959,6
8960,6
8961,6
8962,6
8963,6
8964,6
8965,6
8966,6
8967,6
8968,6
8969,6
8970,6
8971,6
8972,6
8973,6
8974,6
8975,6
8976,6
8977,6
8978,6
8979,6
8980,6
8981,6
8982,6
8983,6
8984,6
8985,6
8986,6
8987,6
8988,6
8989,6
8990,6
8991,6
8992,6
8993,6
8994,6
8995,6
8996,6
8997,6
8998,6
8999,6
9000,6
9001,6
9002,6
9003,6
9004,6
9005,6
9006,6
9007,6
9008,6
9009,6
9010,6
9011,6
9012,6
9013,6
9014,6
9015,6
9016,6
9017,6
9018,6
9019,6
9020,6
9021,6
9022,6
9023,6
9024,6
9025,6
9026,6
9027,6
9028,6
9029,6
9030,6
9031,6
9032,6
9033,6
9034,6
9035,6
9036,6
9037,6
9038,6
9039,6
9040,6
9041,6
9042,6
9043,6
9044,6
9045,6
9046,6
9047,6
9048,6
9049,6
9050,6
9051,6
9052,6
9053,6
9054,6
9055,6
9056,6
9057,6
9058,6
9059,6
9060,6
9061,6
9062,6
9063,6
9064,6
9065,6
9066,6
9067,6
9068,6
9069,6
9070,6
9071,6
9072,6
9073,6
9074,6
9075,6
9076,6
9077,6
9078,6
9079,6
9080,6
9081,6
9082,6
9083,6
9084,6
9085,6
9086,6
9087,6
9088,6
9089,6
9090,6
9091,6
9092,6
9093,6
9094,6
9095,6
9096,6
9097,6
9098,6
9099,6
9100,6
9101,6
9102,6
9103,6
9104,6
9105,6
9106,6
9107,6
9108,6
9109,6
9110,6
9111,6
9112,6
9113,6
9114,6
9115,6
9116,6
9117,6
9118,6
9119,6
9120,6
9121,6
9122,6
9123,6
9124,6
9125,6
9126,6
9127,6
9128,6
9129,6
9130,6
9131,6
9132,6
9133,6
9134,6
9135,6
9136,6
9137,6
9138,6
9139,6
9140,6
9141,6
9142,6
9143,6
9144,6
9145,6
9146,6
9147,6
9148,6
9149,6
9150,6
9151,6
9152,6
9153,6
9154,6
9155,6
9156,6
9157,6
9158,6
9159,6
9160,6
9161,6
9162,6
9163,6
9164,6
9165,6
9166,6
9167,6
9168,6
9169,6
9170,6
9171,6
9172,6
9173,6
9174,6
9175,6
9176,6
9177,6
9178,6
9179,6
9180,6
9181,6
9182,6
9183,6
9184,6
9185,6
9186,6
9187,6
9188,6
9189,6
9190,6
9191,6
9192,6
9193,6
9194,6
9195,6
9196,6
9197,6
9198,6
9199,6
9200,6
9201,6
9202,6
9203,6
9204,6
9205,6
9206,6
9207,6
9208,6
9209,6
9210,6
9211,6
9212,6
9213,6
9214,6
9215,6
9216,6
9217,6
9218,6
9219,6
9220,6
9221,6
9222,6
9223,6
9224,6
9225,6
9226,6
9227,6
9228,6
9229,6
9230,6
9231,6
9232,6
9233,6
9234,6
9235,6
9236,6
9237,6
9238,6
9239,6
9240,6
9241,6
9242,6
9243,6
9244,6
9245,6
9246,6
9247,6
9248,6
9249,6
9250,6
9251,6
9252,6
9253,6
9254,6
9255,6
9256,6
9257,6
9258,6
9259,6
9260,6
9261,6
9262,6
9263,6
9264,6
9265,6
9266,6
9267,6
9268,6
9269,6
9270,6
9271,6
9272,6
9273,6
9274,6
9275,6
9276,6
9277,6
9278,6
9279,6
9280,6
9281,6
9282,6
9283,6
9284,6
9285,6
9286,6
9287,6
9288,6
9289,6
9290,6
9291,6
9292,6
9293,6
9294,6
9295,6
9296,6
9297,6
9298,6
9299,6
9300,6
9301,6
9302,6
9303,6
9304,6
9305,6
9306,6
9307,6
9308,6
9309,6
9310,6
9311,6
9312,6
9313,6
9314,6
9315,6
9316,6
9317,6
9318,6
9319,6
9320,6
9321,6
9322,6
9323,6
9324,6
9325,6
9326,6
9327,6
9328,6
9329,6
9330,6
9331,6
9332,6
9333,6
9334,6
9335,6
9336,6
9337,6
9338,6
9339,6
9340,6
9341,6
9342,6
9343,6
9344,6
9345,6
9346,6
9347,6
9348,6
9349,6
9350,6
9351,6
9352,6
9353,6
9354,6
9355,6
9356,6
9357,6
9358,6
9359,6
9360,6
9361,6
9362,6
9363,6
9364,6
9365,6
9366,6
9367,6
9368,6
9369,6
9370,6
9371,6
9372,6
9373,6
9374,6
9375,6
9376,6
9377,6
9378,6
9379,6
9380,6
9381,6
9382,6
9383,6
9384,6
9385,6
9386,6
9387,6
9388,6
9389,6
9390,6
9391,6
9392,6
9393,6
9394,6
9395,6
9396,6
9397,6
9398,6
9399,6
9400,6
9401,6
9402,6
9403,6
9404,6
9405,6
9406,6
9407,6
9408,6
9409,6
9410,6
9411,6
9412,6
9413,6
9414,6
9415,6
9416,6
9417,6
9418,6
9419,6
9420,6
9421,6
9422,6
9423,6
9424,6
9425,6
9426,6
9427,6
9428,6
9429,6
9430,6
9431,6
9432,6
9433,6
9434,6
9435,6
9436,6
9437,6
9438,6
9439,6
9440,6
9441,6
9442,6
9443,6
9444,6
9445,6
9446,6
9447,6
9448,6
9449,6
9450,6
9451,6
9452,6
9453,6
9454,6
9455,6
9456,6
9457,6
9458,6
9459,6
9460,6
9461,6
9462,6
9463,6
9464,6
9465,6
9466,6
9467,6
9468,6
9469,6
9470,6
9471,6
9472,6
9473,6
9474,6
9475,6
9476,6
9477,6
9478,6
9479,6
9480,6
9481,6
9482,6
9483,6
9484,6
9485,6
9486,6
9487,6
9488,6
9489,6
9490,6
9491,6
9492,6
9493,6
9494,6
9495,6
9496,6
9497,6
9498,6
9499,6
9500,6
9501,6
9502,6
9503,6
9504,6
9505,6
9506,6
9507,6
9508,6
9509,6
9510,6
9511,6
9512,6
9513,6
9514,6
9515,6
9516,6
9517,6
9518,6
9519,6
9520,6
9521,6
9522,6
9523,6
9524,6
9525,6
9526,6
9527,6
9528,6
9529,6
9530,6
9531,6
9532,6
9533,6
9534,6
9535,6
9536,6
9537,6
9538,6
9539,6
9540,6
9541,6
9542,6
9543,6
9544,6
9545,6
9546,6
9547,6
9548,6
9549,6
9550,6
9551,6
9552,6
9553,6
9554,6
9555,6
9556,6
9557,6
9558,6
9559,6
9560,6
9561,6
9562,6
9563,6
9564,6
9565,6
9566,6
9567,6
9568,6
9569,6
9570,6
9571,6
9572,6
9573,6
9574,6
9575,6
9576,6
9577,6
9578,6
9579,6
9580,6
9581,6
9582,6
9583,6
9584,6
9585,6
9586,6
9587,6
9588,6
9589,6
9590,6
9591,6
9592,6
9593,6
9594,6
9595,6
9596,6
9597,6
9598,6
9599,6
9600,6
9601,6
9602,6
9603,6
9604,6
9605,6
9606,6
9607,6
9608,6
9609,6
9610,6
9611,6
9612,6
9613,6
9614,6
9615,6
9616,6
9617,6
9618,6
9619,6
9620,6
9621,6
9622,6
9623,6
9624,6
9625,6
9626,6
9627,6
9628,6
9629,6
9630,6
9631,6
9632,6
9633,6
9634,6
9635,6
9636,6
9637,6
9638,6
9639,6
9640,6
9641,6
9642,6
9643,6
9644,6
9645,6
9646,6
9647,6
9648,6
9649,6
9650,6
9651,6
9652,6
9653,6
9654,6
9655,6
9656,6
9657,6
9658,6
9659,6
9660,6
9661,6
9662,6
9663,6
9664,6
9665,6
9666,6
9667,6
9668,6
9669,6
9670,6
9671,6
9672,6
9673,6
9674,6
9675,6
9676,6
9677,6
9678,6
9679,6
9680,6
9681,6
9682,6
9683,6
9684,6
9685,6
9686,6
9687,6
9688,6
9689,6
9690,6
9691,6
9692,6
9693,6
9694,6
9695,6
9696,6
9697,6
9698,6
9699,6
9700,6
9701,6
9702,6
9703,6
9704,6
9705,6
9706,6
9707,6
9708,6
9709,6
9710,6
9711,6
9712,6
9713,6
9714,6
9715,6
9716,6
9717,6
9718,6
9719,6
9720,6
9721,6
9722,6
9723,6
9724,6
9725,6
9726,6
9727,6
9728,6
9729,6
9730,6
9731,6
9732,6
9733,6
9734,6
9735,6
9736,6
9737,6
9738,6
9739,6
9740,6
9741,6
9742,6
9743,6
9744,6
9745,6
9746,6
9747,6
9748,6
9749,6
9750,6
9751,6
9752,6
9753,6
9754,6
9755,6
9756,6
9757,6
9758,6
9759,6
9760,6
9761,6
9762,6
9763,6
9764,6
9765,6
9766,6
9767,6
9768,6
9769,6
9770,6
9771,6
9772,6
9773,6
9774,6
9775,6
9776,6
9777,6
9778,6
9779,6
9780,6
9781,6
9782,6
9783,6
9784,6
9785,6
9786,6
9787,6
9788,6
9789,6
9790,6
9791,6
9792,6
9793,6
9794,6
9795,6
9796,6
9797,6
9798,6
9799,6
9800,6
9801,6
9802,6
9803,6
9804,6
9805,6
9806,6
9807,6
9808,6
9809,6
9810,6
9811,6
9812,6
9813,6
9814,6
9815,6
9816,6
9817,6
9818,6
9819,6
9820,6
9821,6
9822,6
9823,6
9824,6
9825,6
9826,6
9827,6
9828,6
9829,6
9830,6
9831,6
9832,6
9833,6
9834,6
9835,6
9836,6
9837,6
9838,6
9839,6
9840,6
9841,6
9842,6
9843,6
9844,6
9845,6
9846,6
9847,6
9848,6
9849,6
9850,6
9851,6
9852,6
9853,6
9854,6
9855,6
9856,6
9857,6
9858,6
9859,6
9860,6
9861,6
9862,6
9863,6
9864,6
9865,6
9866,6
9867,6
9868,6
9869,6
9870,6
9871,6
9872,6
9873,6
9874,6
9875,6
9876,6
9877,6
9878,6
9879,6
9880,6
9881,6
9882,6
9883,6
9884,6
9885,6
9886,6
9887,6
9888,6
9889,6
9890,6
9891,6
9892,6
9893,6
9894,6
9895,6
9896,6
9897,6
9898,6
9899,6
9900,6
9901,6
9902,6
9903,6
9904,6
9905,6
9906,6
9907,6
9908,6
9909,6
9910,6
9911,6
9912,6
9913,6
9914,6
9915,6
9916,6
9917,6
9918,6
9919,6
9920,6
9921,5
9922,5
9923,5
9924,5
9925,5
9926,5
9927,5
9928,5
9929,5
9930,5
9931,5
9932,5
9933,5
9934,5
9935,5
9936,5
9937,5
9938,5
9939,5
9940,5
9941,5
9942,5
9943,5
9944,5
9945,5
9946,5
9947,5
9948,5
9949,5
9950,5
9951,5
9952,5
9953,5
9954,5
9955,5
9956,5
9957,5
9958,5
9959,5
9960,5
9961,5
9962,5
9963,5
9964,5
9965,5
9966,5
9967,5
9968,5
9969,5
9970,5
9971,5
9972,5
9973,5
9974,5
9975,5
9976,5
9977,5
9978,5
9979,5
9980,5
9981,5
9982,5
9983,5
9984,5
9985,5
9986,5
9987,5
9988,5
9989,5
9990,5
9991,5
9992,5
9993,5
9994,5
9995,5
9996,5
9997,5
9998,5
9999,5
10000,5
10001,5
10002,5
10003,5
10004,5
10005,5
10006,5
10007,5
10008,5
10009,5
10010,5
10011,5
10012,5
10013,5
10014,5
10015,5
10016,5
10017,5
10018,5
10019,5
10020,5
10021,5
10022,5
10023,5
10024,5
10025,5
10026,5
10027,5
10028,5
10029,5
10030,5
10031,5
10032,5
10033,5
10034,5
10035,5
10036,5
10037,5
10038,5
10039,5
10040,5
10041,5
10042,5
10043,5
10044,5
10045,5
10046,5
10047,5
10048,5
10049,5
10050,5
10051,5
10052,5
10053,5
10054,5
10055,5
10056,5
10057,5
10058,5
10059,5
10060,5
10061,5
10062,5
10063,5
10064,5
10065,5
10066,5
10067,5
10068,5
10069,5
10070,5
10071,5
10072,5
10073,5
10074,5
10075,5
10076,5
10077,5
10078,5
10079,5
10080,5
10081,5
10082,5
10083,5
10084,5
10085,5
10086,5
10087,5
10088,5
10089,5
10090,5
10091,5
10092,5
10093,5
10094,5
10095,5
10096,5
10097,5
10098,5
10099,5
10100,5
10101,5
10102,5
10103,5
10104,5
10105,5
10106,5
10107,5
10108,5
10109,5
10110,5
10111,5
10112,5
10113,5
10114,5
10115,5
10116,5
10117,5
10118,5
10119,5
10120,5
10121,5
10122,5
10123,5
10124,5
10125,5
10126,5
10127,5
10128,5
10129,5
10130,5
10131,5
10132,5
10133,5
10134,5
10135,5
10136,5
10137,5
10138,5
10139,5
10140,5
10141,5
10142,5
10143,5
10144,5
10145,5
10146,5
10147,5
10148,5
10149,5
10150,5
10151,5
10152,5
10153,5
10154,5
10155,5
10156,5
10157,5
10158,5
10159,5
10160,5
10161,5
10162,5
10163,5
10164,5
10165,5
10166,5
10167,5
10168,5
10169,5
10170,5
10171,5
10172,5
10173,5
10174,5
10175,5
10176,5
10177,5
10178,5
10179,5
10180,5
10181,5
10182,5
10183,5
10184,5
10185,5
10186,5
10187,5
10188,5
10189,5
10190,5
10191,5
10192,5
10193,5
10194,5
10195,5
10196,5
10197,5
10198,5
10199,5
10200,5
10201,5
10202,5
10203,5
10204,5
10205,5
10206,5
10207,5
10208,5
10209,5
10210,5
10211,5
10212,5
10213,5
10214,5
10215,5
10216,5
10217,5
10218,5
10219,5
10220,5
10221,5
10222,5
10223,5
10224,5
10225,5
10226,5
10227,5
10228,5
10229,5
10230,5
10231,5
10232,5
10233,5
10234,5
10235,5
10236,5
10237,5
10238,5
10239,5
10240,5
10241,5
10242,5
10243,5
10244,5
10245,5
10246,5
10247,5
10248,5
10249,5
10250,5
10251,5
10252,5
10253,5
10254,5
10255,5
10256,5
10257,5
10258,5
10259,5
10260,5
10261,5
10262,5
10263,5
10264,5
10265,5
10266,5
10267,5
10268,5
10269,5
10270,5
10271,5
10272,5
10273,5
10274,5
10275,5
10276,5
10277,5
10278,5
10279,5
10280,5
10281,5
10282,5
10283,5
10284,5
10285,5
10286,5
10287,5
10288,5
10289,5
10290,5
10291,5
10292,5
10293,5
10294,5
10295,5
10296,5
10297,5
10298,5
10299,5
10300,5
10301,5
10302,5
10303,5
10304,5
10305,5
10306,5
10307,5
10308,5
10309,5
10310,5
10311,5
10312,5
10313,5
10314,5
10315,5
10316,5
10317,5
10318,5
10319,5
10320,5
10321,5
10322,5
10323,5
10324,5
10325,5
10326,5
10327,5
10328,5
10329,5
10330,5
10331,5
10332,5
10333,5
10334,5
10335,5
10336,5
10337,5
10338,5
10339,5
10340,5
10341,5
10342,5
10343,5
10344,5
10345,5
10346,5
10347,5
10348,5
10349,5
10350,5
10351,5
10352,5
10353,5
10354,5
10355,5
10356,5
10357,5
10358,5
10359,5
10360,5
10361,5
10362,5
10363,5
10364,5
10365,5
10366,5
10367,5
10368,5
10369,5
10370,5
10371,5
10372,5
10373,5
10374,5
10375,5
10376,5
10377,5
10378,5
10379,5
10380,5
10381,5
10382,5
10383,5
10384,5
10385,5
10386,5
10387,5
10388,5
10389,5
10390,5
10391,5
10392,5
10393,5
10394,5
10395,5
10396,5
10397,5
10398,5
10399,5
10400,5
10401,5
10402,5
10403,5
10404,5
10405,5
10406,5
10407,5
10408,5
10409,5
10410,5
10411,5
10412,5
10413,5
10414,5
10415,5
10416,5
10417,5
10418,5
10419,5
10420,5
10421,5
10422,5
10423,5
10424,5
10425,5
10426,5
10427,5
10428,5
10429,5
10430,5
10431,5
10432,5
10433,5
10434,5
10435,5
10436,5
10437,5
10438,5
10439,5
10440,5
10441,5
10442,5
10443,5
10444,5
10445,5
10446,5
10447,5
10448,5
10449,5
10450,5
10451,5
10452,5
10453,5
10454,5
10455,5
10456,5
10457,5
10458,5
10459,5
10460,5
10461,5
10462,5
10463,5
10464,5
10465,5
10466,5
10467,5
10468,5
10469,5
10470,5
10471,5
10472,5
10473,5
10474,5
10475,5
10476,5
10477,5
10478,5
10479,5
10480,5
10481,5
10482,5
10483,5
10484,5
10485,5
10486,5
10487,5
10488,5
10489,5
10490,5
10491,5
10492,5
10493,5
10494,5
10495,5
10496,5
10497,5
10498,5
10499,5
10500,5
10501,5
10502,5
10503,5
10504,5
10505,5
10506,5
10507,5
10508,5
10509,5
10510,5
10511,5
10512,5
10513,5
10514,5
10515,5
10516,5
10517,5
10518,5
10519,5
10520,5
10521,5
10522,5
10523,5
10524,5
10525,5
10526,5
10527,5
10528,5
10529,5
10530,5
10531,5
10532,5
10533,5
10534,5
10535,5
10536,5
10537,5
10538,5
10539,5
10540,5
10541,5
10542,5
10543,5
10544,5
10545,5
10546,5
10547,5
10548,5
10549,5
10550,5
10551,5
10552,5
10553,5
10554,5
10555,5
10556,5
10557,5
10558,5
10559,5
10560,5
10561,5
10562,5
10563,5
10564,5
10565,5
10566,5
10567,5
10568,5
10569,5
10570,5
10571,5
10572,5
10573,5
10574,5
10575,5
10576,5
10577,5
10578,5
10579,5
10580,5
10581,5
10582,5
10583,5
10584,5
10585,5
10586,5
10587,5
10588,5
10589,5
10590,5
10591,5
10592,5
10593,5
10594,5
10595,5
10596,5
10597,5
10598,5
10599,5
10600,5
10601,5
10602,5
10603,5
10604,5
10605,5
10606,5
10607,5
10608,5
10609,5
10610,5
10611,5
10612,5
10613,5
10614,5
10615,5
10616,5
10617,5
10618,5
10619,5
10620,5
10621,5
10622,5
10623,5
10624,5
10625,5
10626,5
10627,5
10628,5
10629,5
10630,5
10631,5
10632,5
10633,5
10634,5
10635,5
10636,5
10637,5
10638,5
10639,5
10640,5
10641,5
10642,5
10643,5
10644,5
10645,5
10646,5
10647,5
10648,5
10649,5
10650,5
10651,5
10652,5
10653,5
10654,5
10655,5
10656,5
10657,5
10658,5
10659,5
10660,5
10661,5
10662,5
10663,5
10664,5
10665,5
10666,5
10667,5
10668,5
10669,5
10670,5
10671,5
10672,5
10673,5
10674,5
10675,5
10676,5
10677,5
10678,5
10679,5
10680,5
10681,5
10682,5
10683,5
10684,5
10685,5
10686,5
10687,5
10688,5
10689,5
10690,5
10691,5
10692,5
10693,5
10694,5
10695,5
10696,5
10697,5
10698,5
10699,5
10700,5
10701,5
10702,5
10703,5
10704,5
10705,5
10706,5
10707,5
10708,5
10709,5
10710,5
10711,5
10712,5
10713,5
10714,5
10715,5
10716,5
10717,5
10718,5
10719,5
10720,5
10721,5
10722,5
10723,5
10724,5
10725,5
10726,5
10727,5
10728,5
10729,5
10730,5
10731,5
10732,5
10733,5
10734,5
10735,5
10736,5
10737,5
10738,5
10739,5
10740,5
10741,5
10742,5
10743,5
10744,5
10745,5
10746,5
10747,5
10748,5
10749,5
10750,5
10751,5
10752,5
10753,5
10754,5
10755,5
10756,5
10757,5
10758,5
10759,5
10760,5
10761,5
10762,5
10763,5
10764,5
10765,5
10766,5
10767,5
10768,5
10769,5
10770,5
10771,5
10772,5
10773,5
10774,5
10775,5
10776,5
10777,5
10778,5
10779,5
10780,5
10781,5
10782,5
10783,5
10784,5
10785,5
10786,5
10787,5
10788,5
10789,5
10790,5
10791,5
10792,5
10793,5
10794,5
10795,5
10796,5
10797,5
10798,5
10799,5
10800,5
10801,5
10802,5
10803,5
10804,5
10805,5
10806,5
10807,5
10808,5
10809,5
10810,5
10811,5
10812,5
10813,5
10814,5
10815,5
10816,5
10817,5
10818,5
10819,5
10820,5
10821,5
10822,5
10823,5
10824,5
10825,5
10826,5
10827,5
10828,5
10829,5
10830,5
10831,5
10832,5
10833,5
10834,5
10835,5
10836,5
10837,5
10838,5
10839,5
10840,5
10841,5
10842,5
10843,5
10844,5
10845,5
10846,5
10847,5
10848,5
10849,5
10850,5
10851,5
10852,5
10853,5
10854,5
10855,5
10856,5
10857,5
10858,5
10859,5
10860,5
10861,5
10862,5
10863,5
10864,5
10865,5
10866,5
10867,5
10868,5
10869,5
10870,5
10871,5
10872,5
10873,5
10874,5
10875,5
10876,5
10877,5
10878,5
10879,5
10880,5
10881,5
10882,5
10883,5
10884,5
10885,5
10886,5
10887,5
10888,5
10889,5
10890,5
10891,5
10892,5
10893,5
10894,5
10895,5
10896,5
10897,5
10898,5
10899,5
10900,5
10901,5
10902,5
10903,5
10904,5
10905,5
10906,5
10907,5
10908,5
10909,5
10910,5
10911,5
10912,5
10913,5
10914,5
10915,5
10916,5
10917,5
10918,5
10919,5
10920,5
10921,5
10922,5
10923,5
10924,5
10925,5
10926,5
10927,5
10928,5
10929,5
10930,5
10931,5
10932,5
10933,5
10934,5
10935,5
10936,5
10937,5
10938,5
10939,5
10940,5
10941,5
10942,5
10943,5
10944,5
10945,5
10946,5
10947,5
10948,5
10949,5
10950,5
10951,5
10952,5
10953,5
10954,5
10955,5
10956,5
10957,5
10958,5
10959,5
10960,5
10961,5
10962,5
10963,5
10964,5
10965,5
10966,5
10967,5
10968,5
10969,5
10970,5
10971,5
10972,5
10973,5
10974,5
10975,5
10976,5
10977,5
10978,5
10979,5
10980,5
10981,5
10982,5
10983,5
10984,5
10985,5
10986,5
10987,5
10988,5
10989,5
10990,5
10991,5
10992,5
10993,5
10994,5
10995,5
10996,5
10997,5
10998,5
10999,5
11000,5
11001,5
11002,5
11003,5
11004,5
11005,5
11006,5
11007,5
11008,5
11009,5
11010,5
11011,5
11012,5
11013,5
11014,5
11015,5
11016,5
11017,5
11018,5
11019,5
11020,5
11021,5
11022,5
11023,5
11024,5
11025,5
11026,5
11027,5
11028,5
11029,5
11030,5
11031,5
11032,5
11033,5
11034,5
11035,5
11036,5
11037,5
11038,5
11039,5
11040,5
11041,5
11042,5
11043,5
11044,5
11045,5
11046,5
11047,5
11048,5
11049,5
11050,5
11051,5
11052,5
11053,5
11054,5
11055,5
11056,5
11057,5
11058,5
11059,5
11060,5
11061,5
11062,5
11063,5
11064,5
11065,5
11066,5
11067,5
11068,5
11069,5
11070,5
11071,5
11072,5
11073,5
11074,5
11075,5
11076,5
11077,5
11078,5
11079,5
11080,5
11081,5
11082,5
11083,5
11084,5
11085,5
11086,5
11087,5
11088,5
11089,5
11090,5
11091,5
11092,5
11093,5
11094,5
11095,5
11096,5
11097,5
11098,5
11099,5
11100,5
11101,5
11102,5
11103,5
11104,5
11105,5
11106,5
11107,5
11108,5
11109,5
11110,5
11111,5
11112,5
11113,5
11114,5
11115,5
11116,5
11117,5
11118,5
11119,5
11120,5
11121,5
11122,5
11123,5
11124,5
11125,5
11126,5
11127,5
11128,5
11129,5
11130,5
11131,5
11132,5
11133,5
11134,5
11135,5
11136,5
11137,5
11138,5
11139,5
11140,5
11141,5
11142,5
11143,5
11144,5
11145,5
11146,5
11147,5
11148,5
11149,5
11150,5
11151,5
11152,5
11153,5
11154,5
11155,5
11156,5
11157,5
11158,5
11159,5
11160,5
11161,5
11162,5
11163,5
11164,5
11165,5
11166,5
11167,5
11168,5
11169,5
11170,5
11171,5
11172,5
11173,5
11174,5
11175,5
11176,5
11177,5
11178,5
11179,5
11180,5
11181,5
11182,5
11183,5
11184,5
11185,5
11186,5
11187,5
11188,5
11189,5
11190,5
11191,5
11192,5
11193,5
11194,5
11195,5
11196,5
11197,5
11198,5
11199,5
11200,5
11201,5
11202,5
11203,5
11204,5
11205,5
11206,5
11207,5
11208,5
11209,5
11210,5
11211,5
11212,5
11213,5
11214,5
11215,5
11216,5
11217,5
11218,5
11219,5
11220,5
11221,5
11222,5
11223,5
11224,5
11225,5
11226,5
11227,5
11228,5
11229,5
11230,5
11231,5
11232,5
11233,5
11234,5
11235,5
11236,5
11237,5
11238,5
11239,5
11240,5
11241,5
11242,5
11243,5
11244,5
11245,5
11246,5
11247,5
11248,5
11249,5
11250,5
11251,5
11252,5
11253,5
11254,5
11255,5
11256,5
11257,5
11258,5
11259,5
11260,5
11261,5
11262,5
11263,5
11264,5
11265,5
11266,5
11267,5
11268,5
11269,5
11270,5
11271,5
11272,5
11273,5
11274,5
11275,5
11276,5
11277,5
11278,5
11279,5
11280,5
11281,5
11282,5
11283,5
11284,5
11285,5
11286,5
11287,5
11288,5
11289,5
11290,5
11291,5
11292,5
11293,5
11294,5
11295,5
11296,5
11297,5
11298,5
11299,5
11300,5
11301,5
11302,5
11303,5
11304,5
11305,5
11306,5
11307,5
11308,5
11309,5
11310,5
11311,5
11312,5
11313,5
11314,5
11315,5
11316,5
11317,5
11318,5
11319,5
11320,5
11321,5
11322,5
11323,5
11324,5
11325,5
11326,5
11327,5
11328,5
11329,5
11330,5
11331,5
11332,5
11333,5
11334,5
11335,5
11336,5
11337,5
11338,5
11339,5
11340,5
11341,5
11342,5
11343,5
11344,5
11345,5
11346,5
11347,5
11348,5
11349,5
11350,5
11351,5
11352,5
11353,5
11354,5
11355,5
11356,5
11357,5
11358,5
11359,5
11360,5
11361,5
11362,5
11363,5
11364,5
11365,5
11366,5
11367,5
11368,5
11369,5
11370,5
11371,5
11372,5
11373,5
11374,5
11375,5
11376,5
11377,5
11378,5
11379,5
11380,5
11381,5
11382,5
11383,5
11384,5
11385,5
11386,5
11387,5
11388,5
11389,5
11390,5
11391,5
11392,5
11393,5
11394,5
11395,5
11396,5
11397,5
11398,5
11399,5
11400,5
11401,5
11402,5
11403,5
11404,5
11405,5
11406,5
11407,5
11408,5
11409,5
11410,5
11411,5
11412,5
11413,5
11414,5
11415,5
11416,5
11417,5
11418,5
11419,5
11420,5
11421,5
11422,5
11423,5
11424,5
11425,5
11426,5
11427,5
11428,5
11429,5
11430,5
11431,5
11432,5
11433,5
11434,5
11435,5
11436,5
11437,5
11438,5
11439,5
11440,5
11441,5
11442,5
11443,5
11444,5
11445,5
11446,5
11447,5
11448,5
11449,5
11450,5
11451,5
11452,5
11453,5
11454,5
11455,5
11456,5
11457,5
11458,5
11459,5
11460,5
11461,5
11462,5
11463,5
11464,5
11465,5
11466,5
11467,5
11468,5
11469,5
11470,5
11471,5
11472,5
11473,5
11474,5
11475,5
11476,5
11477,5
11478,5
11479,5
11480,5
11481,5
11482,5
11483,5
11484,5
11485,5
11486,5
11487,5
11488,5
11489,5
11490,5
11491,5
11492,5
11493,5
11494,5
11495,5
11496,5
11497,5
11498,5
11499,5
11500,5
11501,5
11502,5
11503,5
11504,5
11505,5
11506,5
11507,5
11508,5
11509,5
11510,5
11511,5
11512,5
11513,5
11514,5
11515,5
11516,5
11517,5
11518,5
11519,5
11520,5
11521,5
11522,5
11523,5
11524,5
11525,5
11526,5
11527,5
11528,5
11529,5
11530,5
11531,5
11532,5
11533,5
11534,5
11535,5
11536,5
11537,5
11538,5
11539,5
11540,5
11541,5
11542,5
11543,5
11544,5
11545,5
11546,5
11547,5
11548,5
11549,5
11550,5
11551,5
11552,5
11553,5
11554,5
11555,5
11556,5
11557,5
11558,5
11559,5
11560,5
11561,5
11562,5
11563,5
11564,5
11565,5
11566,5
11567,5
11568,5
11569,5
11570,5
11571,5
11572,5
11573,5
11574,5
11575,5
11576,5
11577,5
11578,5
11579,5
11580,5
11581,5
11582,5
11583,5
11584,5
11585,5
11586,5
11587,5
11588,5
11589,5
11590,5
11591,5
11592,5
11593,5
11594,5
11595,5
11596,5
11597,5
11598,5
11599,5
11600,5
11601,5
11602,5
11603,5
11604,5
11605,5
11606,5
11607,5
11608,5
11609,5
11610,5
11611,5
11612,5
11613,5
11614,5
11615,5
11616,5
11617,5
11618,5
11619,5
11620,5
11621,5
11622,5
11623,5
11624,5
11625,5
11626,5
11627,5
11628,5
11629,5
11630,5
11631,5
11632,5
11633,5
11634,5
11635,5
11636,5
11637,5
11638,5
11639,5
11640,5
11641,5
11642,5
11643,5
11644,5
11645,5
11646,5
11647,5
11648,5
11649,5
11650,5
11651,5
11652,5
11653,5
11654,5
11655,5
11656,5
11657,5
11658,5
11659,5
11660,5
11661,5
11662,5
11663,5
11664,5
11665,5
11666,5
11667,5
11668,5
11669,5
11670,5
11671,5
11672,5
11673,5
11674,5
11675,5
11676,5
11677,5
11678,5
11679,5
11680,5
11681,5
11682,5
11683,5
11684,5
11685,5
11686,5
11687,5
11688,5
11689,5
11690,5
11691,5
11692,5
11693,5
11694,5
11695,5
11696,5
11697,5
11698,5
11699,5
11700,5
11701,5
11702,5
11703,5
11704,5
11705,5
11706,5
11707,5
11708,5
11709,5
11710,5
11711,5
11712,5
11713,5
11714,5
11715,5
11716,5
11717,5
11718,5
11719,5
11720,5
11721,5
11722,5
11723,5
11724,5
11725,5
11726,5
11727,5
11728,5
11729,5
11730,5
11731,5
11732,5
11733,5
11734,5
11735,5
11736,5
11737,5
11738,5
11739,5
11740,5
11741,5
11742,5
11743,5
11744,5
11745,5
11746,5
11747,5
11748,5
11749,5
11750,5
11751,5
11752,5
11753,5
11754,5
11755,5
11756,5
11757,5
11758,5
11759,5
11760,5
11761,5
11762,5
11763,5
11764,5
11765,5
11766,5
11767,5
11768,5
11769,5
11770,5
11771,5
11772,5
11773,5
11774,5
11775,5
11776,5
11777,5
11778,5
11779,5
11780,5
11781,5
11782,5
11783,5
11784,5
11785,5
11786,5
11787,5
11788,5
11789,5
11790,5
11791,5
11792,5
11793,5
11794,5
11795,5
11796,5
11797,5
11798,5
11799,5
11800,5
11801,5
11802,5
11803,5
11804,5
11805,5
11806,5
11807,5
11808,5
11809,5
11810,5
11811,5
11812,5
11813,5
11814,5
11815,5
11816,5
11817,5
11818,5
11819,5
11820,5
11821,5
11822,5
11823,5
11824,5
11825,5
11826,5
11827,5
11828,5
11829,5
11830,5
11831,5
11832,5
11833,5
11834,5
11835,5
11836,5
11837,5
11838,5
11839,5
11840,5
11841,5
11842,5
11843,5
11844,5
11845,5
11846,5
11847,5
11848,5
11849,5
11850,5
11851,5
11852,5
11853,5
11854,5
11855,5
11856,5
11857,5
11858,5
11859,5
11860,5
11861,5
11862,5
11863,5
11864,5
11865,5
11866,5
11867,5
11868,5
11869,5
11870,5
11871,5
11872,5
11873,5
11874,5
11875,5
11876,5
11877,5
11878,5
11879,5
11880,5
11881,5
11882,5
11883,5
11884,5
11885,5
11886,5
11887,5
11888,5
11889,5
11890,5
11891,5
11892,5
11893,5
11894,5
11895,5
11896,5
11897,5
11898,5
11899,5
11900,5
11901,5
11902,5
11903,5
11904,5
11905,5
11906,5
11907,5
11908,5
11909,5
11910,5
11911,5
11912,5
11913,5
11914,5
11915,5
11916,5
11917,5
11918,5
11919,5
11920,5
11921,5
11922,5
11923,5
11924,5
11925,5
11926,5
11927,5
11928,5
11929,5
11930,5
11931,5
11932,5
11933,5
11934,5
11935,5
11936,5
11937,5
11938,5
11939,5
11940,5
11941,5
11942,5
11943,5
11944,5
11945,5
11946,5
11947,5
11948,5
11949,5
11950,5
11951,5
11952,5
11953,5
11954,5
11955,5
11956,5
11957,5
11958,5
11959,5
11960,5
11961,5
11962,5
11963,5
11964,5
11965,5
11966,5
11967,5
11968,5
11969,5
11970,5
11971,5
11972,5
11973,5
11974,5
11975,5
11976,5
11977,5
11978,5
11979,5
11980,5
11981,5
11982,5
11983,5
11984,5
11985,5
11986,5
11987,5
11988,5
11989,5
11990,5
11991,5
11992,5
11993,5
11994,5
11995,5
11996,5
11997,5
11998,5
11999,5
12000,5
12001,5
12002,5
12003,5
12004,5
12005,5
12006,5
12007,5
12008,5
12009,5
12010,5
12011,5
12012,5
12013,5
12014,5
12015,5
12016,5
12017,5
12018,5
12019,5
12020,5
12021,5
12022,5
12023,5
12024,5
12025,5
12026,5
12027,5
12028,5
12029,5
12030,5
12031,5
12032,5
12033,5
12034,5
12035,5
12036,5
12037,5
12038,5
12039,5
12040,5
12041,5
12042,5
12043,5
12044,5
12045,5
12046,5
12047,5
12048,5
12049,5
12050,5
12051,5
12052,5
12053,5
12054,5
12055,5
12056,5
12057,5
12058,5
12059,5
12060,5
12061,5
12062,5
12063,5
12064,5
12065,5
12066,5
12067,5
12068,5
12069,5
12070,5
12071,5
12072,5
12073,5
12074,5
12075,5
12076,5
12077,5
12078,5
12079,5
12080,5
12081,5
12082,5
12083,5
12084,5
12085,5
12086,5
12087,5
12088,5
12089,5
12090,5
12091,5
12092,5
12093,5
12094,5
12095,5
12096,5
12097,5
12098,5
12099,5
12100,5
12101,5
